1003 17 1
448 66 60 0.5238 0.9356 22 5 82 468 1085 89 457 641 0.2294 3.7969 1.3900 0.0769
0.0000
248 62 83 0.4276 0.9433 37 5 0 627 1405 162 352 484 0.2550 4.3880 1.3663 0.0000
0.0000
263 87 108 0.4462 0.9758 31 6 0 791 1779 154 620 888 0.2467 4.2527 1.4331 0.0000
0.0336
162 43 37 0.5375 0.9562 1 0 0 394 682 101 393 496 0.2140 4.9204 1.4917 0.0000
0.0000
681 63 69 0.4773 0.9470 7 2 148 441 1010 70 592 765 0.2035 3.4583 1.3959 0.0000
0.0000
467 33 49 0.4024 0.9915 0 0 30 399 918 82 329 482 0.2373 3.9709 1.3789 0.0000
0.0000
482 194 140 0.5808 0.9759 206 44 15 917 2841 68 430 1036 0.2378 2.7553 1.0920 0.0000
0.1818
574 51 62 0.4513 0.9355 0 0 42 403 890 63 380 691 0.2341 4.1722 1.4609 0.0000
0.0000
543 40 33 0.5479 0.9352 0 0 29 279 639 30 248 307 0.2355 4.0090 1.4162 0.0000
0.0000
732 86 81 0.5150 0.9819 10 0 318 512 1233 138 351 1030 0.2287 3.5684 1.2266 0.1875
0.0077
447 75 72 0.5102 0.8698 44 9 33 496 1216 123 479 856 0.2100 3.2450 1.2321 0.1250
0.0000
495 47 45 0.5109 0.9655 0 0 123 272 679 64 274 404 0.2160 3.2815 1.2775 0.0000
0.0000
561 194 174 0.5272 0.9592 98 18 3 1406 3376 324 978 1528 0.2384 3.7575 1.2929 0.0526
0.0000
696 373 208 0.6420 0.9845 437 90 32 1476 4868 164 951 2198 0.2326 2.5595 1.1212 0.0000
1.0761
592 35 37 0.4861 0.9652 0 0 129 280 677 55 250 400 0.2498 4.1109 1.5122 0.0000
0.0000
352 142 75 0.6544 0.9553 109 17 18 813 1849 104 738 1070 0.2230 3.7517 1.3264 0.0769
0.0053
434 58 70 0.4531 0.9795 7 6 75 426 985 73 417 611 0.2319 3.8793 1.4185 0.0000
0.0000
218 83 75 0.5253 0.9608 128 16 7 445 1455 17 272 425 0.4238 2.6453 1.1407 0.0000
0.1000
355 102 92 0.5258 0.9707 12 5 4 769 1624 190 805 1330 0.2160 3.9601 1.3899 0.0714
0.0000
533 183 167 0.5229 0.9332 209 26 36 934 2896 42 1034 1702 0.2214 2.6285 1.2289 0.0000
0.0000
699 40 39 0.5063 0.8992 0 0 49 348 932 58 311 758 0.2234 3.1467 1.2488 0.0000
0.0000
291 82 83 0.4970 0.9538 12 4 1 814 1743 264 337 723 0.2668 4.7356 1.3445 0.0000
0.0000
405 127 118 0.5184 0.9067 68 19 9 857 2016 155 731 1032 0.2238 3.5824 1.2759 0.3077
0.0000
377 126 110 0.5339 0.9493 102 25 21 739 1870 185 687 1162 0.2220 3.3383 1.2834 0.5000
0.0000
414 169 137 0.5523 0.9719 34 12 0 1078 2425 232 933 1994 0.2213 3.7382 1.2939 0.0625
0.0025
341 57 66 0.4634 0.9630 34 6 26 545 1187 76 486 420 0.2353 4.2989 1.4663 0.0000
0.0000
194 35 40 0.4667 0.9626 9 3 4 285 605 56 291 433 0.2226 4.1371 1.4452 0.0000
0.0000
309 98 110 0.4712 0.9722 21 7 1 829 1857 205 540 1173 0.2414 4.1206 1.3238 0.1429
0.0000
884 61 44 0.5810 0.9861 0 0 56 336 817 73 315 807 0.2230 3.5341 1.3229 0.0000
0.0000
392 129 124 0.5099 0.9710 31 12 0 1140 2292 291 726 1664 0.2420 4.6707 1.3739 0.0000
0.0000
279 55 59 0.4825 0.9609 27 6 11 444 1028 87 340 348 0.2507 4.2331 1.4492 0.0000
0.0000
333 130 101 0.5628 0.9655 126 14 2 964 2230 129 706 594 0.2567 4.4190 1.4954 0.0000
0.0000
297 96 83 0.5363 0.9644 14 6 0 723 1529 148 569 980 0.2314 4.1855 1.3495 0.0909
0.0000
303 97 96 0.5026 0.9544 84 13 9 733 1815 98 608 431 0.2498 3.9590 1.4541 0.2000
0.0000
574 146 149 0.4949 0.9384 73 16 20 1013 2440 223 924 1359 0.2280 3.6050 1.3302 0.0000
0.0000
203 38 76 0.3333 0.9257 70 8 0 430 1035 20 527 570 0.2855 3.5690 1.4405 0.0000
0.0000
584 55 43 0.5612 0.9538 0 0 81 367 839 86 405 689 0.2151 3.6323 1.3680 0.0000
0.0000
266 79 74 0.5163 0.9320 7 2 2 737 1443 203 486 844 0.2486 5.0149 1.4584 0.0909
0.0000
267 57 48 0.5429 0.9669 7 3 1 418 876 111 289 614 0.2297 4.1754 1.2930 0.0000
0.0000
431 134 143 0.4838 0.9714 62 16 0 1078 2320 291 846 1723 0.2277 4.0628 1.3258 0.0667
0.0000
466 121 106 0.5330 0.9205 59 21 13 747 1818 125 950 1309 0.2116 3.3632 1.3847 0.1333
0.0000
248 74 76 0.4933 0.9486 35 7 5 639 1289 96 513 975 0.2272 4.3447 1.3614 0.0909
0.0000
422 152 150 0.5033 0.9752 180 26 13 918 2686 88 515 653 0.2516 3.2152 1.2457 0.0000
0.0000
454 101 112 0.4742 0.9515 64 20 12 816 2170 161 469 741 0.2520 3.5558 1.2778 0.0000
0.0000
253 69 69 0.5000 0.9694 67 11 7 496 1292 78 312 333 0.2430 3.5335 1.2697 0.0909
0.0000
244 45 38 0.5422 0.9578 19 4 13 364 856 70 300 384 0.2467 4.1087 1.4498 0.0000
0.0000
265 38 69 0.3551 0.9333 44 3 6 494 1121 63 342 352 0.2466 4.2998 1.4149 0.0000
0.0000
704 38 45 0.4578 0.9704 0 0 286 282 703 97 191 644 0.2218 3.3047 1.1641 0.2308
0.0049
732 76 79 0.4903 0.9462 0 0 184 447 1026 114 518 921 0.2034 3.3778 1.2964 0.0714
0.0026
394 146 140 0.5105 0.9588 42 18 5 1130 2423 264 860 1519 0.2325 4.1635 1.3440 0.0000
0.0000
585 41 37 0.5256 0.9630 0 0 79 316 590 85 285 622 0.2022 4.1498 1.2768 0.0000
0.0000
519 121 117 0.5084 0.9618 71 9 51 825 1794 206 842 1378 0.2096 3.6849 1.3082 0.3333
0.0000
459 212 127 0.6254 0.9439 255 40 34 823 2645 40 712 1711 0.2613 2.4551 1.1127 0.0000
0.5950
403 155 139 0.5272 0.9748 21 9 1 1106 2377 289 909 2000 0.2233 3.9731 1.3116 0.0714
0.0000
346 101 130 0.4372 0.9574 102 12 19 941 2177 132 598 655 0.2630 4.5160 1.4797 0.0000
0.0000
455 98 88 0.5269 0.9347 58 10 66 686 1672 106 733 697 0.2277 3.6569 1.4245 0.1429
0.0000
455 127 128 0.4980 0.9609 122 13 22 1029 2559 109 691 670 0.2594 4.0318 1.4149 0.0000
0.0050
437 150 144 0.5102 0.9616 145 24 21 863 2472 52 712 950 0.2346 3.0854 1.2648 0.0000
0.0000
211 71 65 0.5221 0.9421 4 0 0 634 1095 145 626 920 0.2196 5.1359 1.5491 0.0909
0.0000
490 67 62 0.5194 0.9349 5 2 32 522 1034 116 604 975 0.2000 3.8977 1.3590 0.0000
0.0000
307 61 68 0.4729 0.9648 53 8 16 596 1581 83 321 323 0.2672 3.9258 1.3920 0.0000
0.0000
340 111 101 0.5236 0.9342 56 19 8 719 1565 131 723 1079 0.2141 3.7564 1.3282 0.0833
0.0030
347 70 73 0.4895 0.9689 7 4 5 572 1236 116 496 783 0.2319 4.1820 1.4070 0.0000
0.0000
476 145 113 0.5620 0.9644 74 27 15 949 2272 176 750 1141 0.2395 3.8289 1.3548 0.0769
0.0031
432 73 60 0.5489 0.9771 8 3 60 538 1273 122 296 680 0.2494 3.9896 1.2928 0.0000
0.0000
398 121 116 0.5105 0.9708 32 12 11 876 1978 217 623 1039 0.2293 3.8396 1.2667 0.0000
0.0000
236 82 78 0.5125 0.9468 69 15 10 484 1150 67 562 839 0.2062 3.2975 1.2960 0.6000
0.0622
338 104 125 0.4541 0.9410 106 14 12 966 2220 173 535 572 0.2642 4.5415 1.4391 0.0000
0.0000
418 60 86 0.4110 0.9561 3 0 4 713 1438 170 415 759 0.2581 5.0369 1.4545 0.0000
0.0000
304 87 102 0.4603 0.9715 81 11 8 744 1766 68 740 621 0.2470 4.1333 1.5469 0.0000
0.0000
222 46 51 0.4742 0.9727 16 2 5 434 891 75 372 512 0.2368 4.5226 1.4624 0.0000
0.0000
282 103 76 0.5754 0.9588 57 16 2 644 1558 128 597 896 0.2298 3.6285 1.3491 0.1000
0.0069
502 209 161 0.5649 0.9657 143 37 2 1213 2939 263 1185 2175 0.2124 3.2653 1.2335 0.3529
0.1164
692 287 250 0.5345 0.9684 242 60 0 1830 4632 430 1322 3701 0.2261 3.3139 1.1980 0.0909
1.0619
342 134 116 0.5360 0.9476 63 16 3 897 2082 188 721 1330 0.2314 3.8014 1.3199 0.0714
0.0000
356 26 32 0.4483 0.9851 0 0 3 259 522 64 274 432 0.2198 4.3597 1.4888 0.0000
0.0000
516 34 45 0.4304 0.9500 0 0 49 329 751 75 343 541 0.2275 3.9253 1.4503 0.0000
0.0000
304 54 60 0.4737 0.9786 8 2 2 643 1229 142 489 671 0.2461 5.1855 1.5394 0.0000
0.0000
495 88 75 0.5399 0.9458 32 10 50 596 1364 164 597 1175 0.2045 3.4036 1.2443 0.0000
0.0000
417 234 163 0.5894 0.8908 386 42 0 932 3767 51 198 879 0.3554 2.3116 1.0927 0.0000
0.0000
375 63 82 0.4345 0.9659 11 1 1 689 1422 167 464 564 0.2524 4.8508 1.4754 0.0909
0.0000
300 75 83 0.4747 0.9350 27 4 11 662 1512 98 636 985 0.2332 4.0058 1.4442 0.0000
0.0000
231 103 72 0.5886 0.9649 110 21 9 528 1501 117 287 478 0.2389 3.0638 1.1528 0.2000
0.0000
593 69 39 0.6389 0.9223 0 0 80 401 1098 63 251 409 0.2538 3.5153 1.3140 0.0000
0.0000
314 108 82 0.5684 0.9747 94 16 7 668 1660 108 623 690 0.2285 3.5015 1.3296 0.2000
0.0000
309 94 93 0.5027 0.9618 39 9 9 753 1742 162 481 1059 0.2411 3.9632 1.3000 0.0000
0.0000
306 82 85 0.4910 0.9669 29 10 2 648 1594 149 412 757 0.2400 3.6656 1.2608 0.0000
0.0000
562 33 42 0.4400 0.9712 0 0 116 279 561 71 316 575 0.2055 3.9942 1.3950 0.0833
0.0000
304 62 63 0.4960 0.9481 34 11 6 492 1131 127 435 720 0.2175 3.5748 1.2643 0.1000
0.0099
298 77 96 0.4451 0.9559 74 5 11 717 1656 102 484 502 0.2550 4.4028 1.4601 0.0000
0.0000
214 78 77 0.5032 0.9651 43 10 0 624 1427 166 368 799 0.2447 4.0413 1.2917 0.0000
0.0000
347 171 151 0.5311 0.8356 302 32 1 790 3007 45 195 620 0.3454 2.4184 1.0891 0.0000
0.0000
322 88 68 0.5641 0.9502 71 12 19 625 1372 149 663 829 0.2153 3.7904 1.3713 0.2500
0.0000
378 121 146 0.4532 0.9763 150 18 17 974 2342 134 778 877 0.2409 3.8645 1.3755 0.0000
0.0000
615 43 46 0.4831 0.9766 0 0 172 324 754 105 366 728 0.2069 3.3933 1.3033 0.0714
0.0000
282 50 53 0.4854 0.9444 28 2 32 430 1014 38 276 412 0.2482 4.1258 1.3753 0.0000
0.0000
441 97 64 0.6025 0.9602 47 7 60 506 1387 84 492 554 0.2370 3.3080 1.3649 0.0000
0.0000
318 133 92 0.5911 0.9824 125 25 18 618 1731 117 536 901 0.2213 2.9156 1.1884 0.1667
0.0347
379 160 170 0.4848 0.9337 300 12 3 1330 3091 79 1203 889 0 4.0380 1.4486 0.0000
0.0066
349 83 85 0.4940 0.9646 51 8 11 666 1490 127 562 807 0.2300 3.9271 1.3444 0.0714
0.0000
584 69 65 0.5149 0.9444 1 1 132 355 898 92 360 810 0.2089 3.0701 1.2088 0.0588
0.0064
424 194 138 0.5843 0.9608 200 33 10 1122 2675 181 1192 1674 0.2199 3.5728 1.3682 0.3750
0.0993
452 129 112 0.5353 0.9645 64 17 22 807 2141 186 547 1163 0.2417 3.4395 1.2729 0.0000
0.0033
434 89 93 0.4890 0.9740 62 8 64 704 1740 84 368 410 0.2679 4.2648 1.4189 0.0000
0.0000
358 85 92 0.4802 0.9762 47 13 11 712 1677 173 389 710 0.2399 3.8143 1.2298 0.0000
0.0000
249 33 31 0.5156 0.9559 7 2 29 270 619 26 300 301 0.2335 4.0681 1.5385 0.0000
0.0000
486 211 144 0.5944 0.9485 72 17 0 1185 3079 208 901 2397 0.2274 3.2752 1.2222 0.3158
0.0275
404 91 105 0.4643 0.9677 77 10 21 790 1899 83 590 510 0.2571 4.1996 1.4702 0.0000
0.0000
387 76 57 0.5714 0.9659 18 2 48 414 1125 44 388 435 0.2427 3.4650 1.4070 0.1000
0.0000
481 239 130 0.6477 0.9646 271 55 49 725 2708 43 673 1375 0.2142 2.0568 1.0658 0.0000
0.3600
302 123 90 0.5775 0.9381 31 12 0 841 1931 236 511 1000 0.2394 3.9401 1.2712 0.0833
0.0026
324 69 93 0.4259 0.9594 39 15 4 576 1303 133 581 921 0.2147 3.6210 1.3159 0.0000
0.0000
414 233 152 0.6052 0.8987 351 30 3 1120 3344 87 856 1700 0.2659 2.9612 1.2338 0.0000
0.0000
457 166 132 0.5570 0.9732 111 20 6 1019 2446 238 1105 1268 0.2215 3.5450 1.3726 0.1333
0.0000
591 224 184 0.5490 0.9602 151 40 16 1366 3433 372 1000 2855 0.2198 3.2694 1.1789 0.5294
0.9875
511 115 87 0.5693 0.9679 6 1 3 886 1777 201 762 1398 0.2293 4.4857 1.4283 0.0000
0.0000
626 203 144 0.5850 0.9689 158 33 31 1246 3186 289 628 1074 0.2500 3.6559 1.2434 0.1667
0.3201
745 79 55 0.5896 0.9688 0 0 102 452 1231 94 384 584 0.2335 3.2320 1.2831 0.0588
0.0000
254 38 46 0.4524 0.9552 27 4 5 437 926 35 360 299 0.2324 4.2812 1.3999 0.0000
0.0000
445 166 136 0.5497 0.9817 21 6 1 1268 2866 257 700 1766 0.2531 4.3091 1.3465 0.1333
0.0000
480 108 134 0.4463 0.9497 47 10 4 1015 2310 221 764 1065 0.2447 4.1744 1.4047 0.0000
0.0000
542 176 136 0.5641 0.9731 151 16 34 1166 2950 152 859 850 0.2511 3.8553 1.3993 0.0000
0.0138
489 195 183 0.5159 0.9677 225 35 20 1205 2992 96 1263 1319 0.2269 3.5127 1.3782 0.0000
0.0250
334 95 106 0.4726 0.9740 104 14 9 741 1935 100 583 485 0.2493 3.7333 1.4096 0.0000
0.0000
326 71 96 0.4251 0.9681 44 15 7 607 1425 130 457 678 0.2284 3.6648 1.2625 0.0000
0.0000
237 22 22 0.5000 0.9714 4 0 14 202 519 34 167 209 0.2440 3.6976 1.3953 0.0000
0.0000
281 85 69 0.5519 0.9397 65 12 12 622 1138 98 1037 766 0.1841 4.1101 1.5969 0.0769
0.0000
451 38 32 0.5429 0.9747 4 2 14 321 716 58 403 539 0.2233 3.9885 1.5449 0.0000
0.0000
192 68 72 0.4857 0.9570 83 10 3 438 1273 44 289 445 0.2445 3.1352 1.2423 0.0000
0.0110
475 137 130 0.5131 0.9756 98 23 18 1020 2581 218 597 939 0.2541 3.8112 1.3194 0.0000
0.0000
343 133 120 0.5257 0.9537 184 21 9 802 2089 59 738 1006 0.2297 3.2194 1.2609 0.0000
0.0000
195 99 73 0.5756 0.9220 169 11 2 603 1748 33 437 445 13.4462 3.3855 1.3631 0.0000
0.0000
193 10 20 0.3333 0.9815 0 0 45 123 268 16 128 159 0.2293 4.2145 1.5076 0.0000
0.0000
326 133 106 0.5565 0.9435 137 20 15 637 1852 41 656 915 0.2220 2.7492 1.2027 0.0000
0.0054
700 83 68 0.5497 0.9553 2 1 126 484 1139 82 495 864 0.2174 3.5434 1.3292 0.0667
0.0031
600 177 122 0.5920 0.9723 54 13 29 935 2399 245 592 1673 0.2314 3.3318 1.1842 0.0526
0.0027
451 151 164 0.4794 0.9730 68 11 0 1130 2662 250 883 1735 0.2301 3.7321 1.3009 0.0000
0.0052
316 76 108 0.4130 0.9659 75 6 21 666 1640 90 382 348 0.2513 3.9074 1.3181 0.0000
0.0000
410 102 138 0.4250 0.9552 72 17 7 924 2009 225 671 1211 0.2245 3.9177 1.2626 0.0000
0.0000
377 114 120 0.4872 0.9702 121 17 19 883 2256 93 498 590 0.2647 3.9695 1.3756 0.0000
0.0000
741 329 244 0.5742 0.9496 254 55 2 1864 4672 414 1833 4136 0.2155 3.2154 1.2468 0.4167
1.2749
342 53 54 0.4953 0.9745 7 3 11 421 849 115 378 598 0.2157 4.1110 1.3313 0.0000
0.0000
313 29 18 0.6170 0.9815 1 0 4 246 487 74 202 338 0.2342 4.6874 1.4587 0.0000
0.0000
647 44 50 0.4681 0.9195 0 0 19 369 792 69 387 662 0.2170 3.9900 1.4165 0.0000
0.0000
731 96 73 0.5680 0.9703 1 0 143 442 1296 67 442 681 0.2285 2.9394 1.2842 0.1333
0.0033
294 116 138 0.4567 0.8909 218 4 3 1223 2780 80 796 484 1.5359 4.9536 1.6094 0.0000
0.0000
340 218 99 0.6877 0.8941 298 24 3 891 2678 59 597 900 0.3073 2.8349 1.1578 0.0000
0.0000
376 76 100 0.4318 0.9512 62 6 39 695 1469 121 597 595 0.2410 4.5403 1.4996 0.0000
0.0000
297 82 104 0.4409 0.9653 10 3 2 809 1660 190 506 1101 0.2416 4.5639 1.3577 0.0000
0.0000
403 28 23 0.5490 0.9632 0 0 22 230 555 52 179 333 0.2438 3.9304 1.3937 0.0000
0.0000
303 31 26 0.5439 0.9055 0 0 45 202 564 36 145 203 0.2431 3.3276 1.2977 0.0000
0.0000
322 159 120 0.5699 0.9007 265 16 1 999 2445 63 1065 1133 0.3657 3.5655 1.3919 0.0000
0.0000
406 128 115 0.5267 0.9318 83 33 23 697 1864 122 739 1534 0.2093 2.9213 1.2122 0.1818
0.0000
211 109 43 0.7171 0.9796 109 26 6 468 1327 64 463 614 0.2175 2.8364 1.2054 0.3636
0.0397
605 51 54 0.4857 0.9162 1 1 97 371 798 70 409 808 0.2075 3.7128 1.3421 0.0769
0.0000
392 198 132 0.6000 0.9404 260 35 5 864 2642 39 690 1265 0.2199 2.6845 1.1503 0.0000
0.0291
293 51 46 0.5258 0.9655 29 7 14 364 889 60 386 322 0.2306 3.7199 1.4478 0.0000
0.0000
243 83 71 0.5390 0.9084 27 6 4 591 1401 100 395 781 0.2390 3.7921 1.2804 0.0000
0.0000
528 27 26 0.5094 0.8904 0 0 16 207 409 37 217 384 0.2140 4.2959 1.4435 0.0000
0.0000
502 208 149 0.5826 0.9378 249 35 25 853 2897 32 827 1374 0.2289 2.3817 1.1553 0.0000
0.0000
472 140 167 0.4560 0.9465 74 11 10 1182 2513 244 947 1422 0.2333 4.2259 1.3745 0.0667
0.0000
219 74 71 0.5103 0.9714 15 3 0 638 1364 154 367 728 0.2541 4.6071 1.3889 0.0000
0.0000
355 111 97 0.5337 0.9749 91 14 16 711 1897 86 383 643 0.2549 3.6622 1.3048 0.0000
0.0000
531 328 178 0.6482 0.8719 485 37 5 1417 4295 161 1191 1978 0.3593 2.8113 1.2093 0.0000
0.0000
481 71 49 0.5917 0.9219 0 0 83 344 674 60 554 804 0.1865 3.8492 1.5267 0.1818
0.0000
428 105 106 0.4976 0.9310 57 12 25 807 1843 152 543 930 0.2384 4.0149 1.3190 0.0000
0.0000
352 113 97 0.5381 0.9338 63 13 6 799 1643 180 798 1120 0.2155 4.0681 1.3809 0.0000
0.0000
472 72 95 0.4311 0.9493 47 8 38 755 1782 92 463 372 0.2724 4.6530 1.5373 0.0000
0.0000
301 83 88 0.4854 0.9562 60 8 7 675 1619 153 475 688 0.2401 3.8032 1.3109 0.1000
0.0000
223 52 76 0.4063 0.9471 60 11 6 552 1172 92 566 444 0.2347 4.3810 1.5326 0.1000
0.0000
484 142 135 0.5126 0.9528 94 18 7 1055 2416 234 1003 1728 0.2207 3.6955 1.3307 0.0667
0.0000
311 108 82 0.5684 0.9658 84 15 5 760 1795 73 674 569 0.2397 3.9945 1.4419 0.0000
0.0000
450 194 126 0.6063 0.9431 56 22 1 1115 2504 258 1137 2668 0.2055 3.4619 1.2561 0.2941
0.0519
276 91 96 0.4866 0.9404 69 13 9 674 1606 162 511 888 0.2373 3.8183 1.3326 0.3636
0.0000
303 49 60 0.4495 0.9396 33 2 31 475 1104 32 449 345 0.2463 4.2994 1.5619 0.0000
0.0000
665 64 46 0.5818 0.9423 6 3 9 440 950 130 390 739 0.2210 3.9143 1.3245 0.0000
0.0000
354 158 110 0.5896 0.9677 187 35 8 717 2034 38 841 1052 0.2308 2.7815 1.2392 0.0000
0.0220
159 34 44 0.4359 0.9876 44 7 6 329 858 41 223 224 0.2508 3.7230 1.3592 0.0000
0.0000
295 128 75 0.6305 0.9500 128 33 14 607 1666 85 571 913 0.2178 2.9679 1.2153 0.3636
0.0150
517 216 178 0.5482 0.9526 279 35 14 1119 3415 103 853 1252 0.2375 2.8940 1.2264 0.0000
0.0582
683 71 64 0.5259 0.9688 7 1 2 547 1248 121 317 760 0.2420 4.0297 1.2810 0.0000
0.0000
368 22 24 0.4783 0.9632 0 0 7 174 450 33 191 290 0.2215 3.2535 1.3317 0.0000
0.0000
450 215 142 0.6022 0.9717 224 38 21 990 3055 66 802 981 0.2397 2.8910 1.2515 0.0000
0.1700
278 74 75 0.4966 0.9416 21 5 8 525 1292 102 432 723 0.2365 3.6402 1.3282 0.0000
0.0000
368 74 98 0.4302 0.9543 58 7 19 653 1528 186 522 803 0.2335 3.8253 1.3343 0.0000
0.0000
302 102 62 0.6220 0.9453 91 9 25 502 1538 52 379 606 0.2420 2.9211 1.2394 0.0000
0.0051
277 30 23 0.5660 0.9706 2 0 19 261 643 54 186 320 0.2619 4.1748 1.4733 0.0000
0.0000
402 167 115 0.5922 0.9842 150 16 22 1072 2453 136 800 799 0.2427 4.1155 1.3876 0.0909
0.0050
453 185 130 0.5873 0.9465 172 36 11 979 2538 222 822 1632 0.2206 3.1378 1.1966 0.2667
0.0000
322 122 101 0.5471 0.9409 80 22 1 755 1677 188 752 1411 0.2079 3.5795 1.2795 0.1818
0.0000
341 142 167 0.4595 0.8679 286 4 2 1279 3063 61 1064 718 0.5432 4.2216 1.5136 0.0000
0.0000
302 162 98 0.6231 0.9450 224 9 5 884 2520 62 609 504 0 3.4829 1.3698 0.0000
0.0000
438 89 97 0.4785 0.9632 42 14 11 722 1695 140 669 825 0.2388 3.9598 1.4406 0.0000
0.0000
266 34 51 0.4000 0.9082 7 2 15 395 708 52 544 600 0.2013 4.5596 1.6058 0.0000
0.0000
392 68 78 0.4658 0.9561 5 2 1 606 1250 140 441 806 0.2412 4.5501 1.4107 0.0000
0.0000
316 51 49 0.5100 0.9570 15 2 19 380 894 48 391 485 0.2218 3.6722 1.3797 0.0000
0.0000
248 60 64 0.4839 0.9336 36 3 10 433 998 100 351 549 0.2358 4.0286 1.3946 0.4000
0.0000
286 71 66 0.5182 0.9562 43 2 23 512 1235 45 455 484 0.2443 3.8853 1.4250 0.0000
0.0000
382 136 116 0.5397 0.9349 37 13 0 1016 2244 239 906 1590 0.2237 3.8740 1.3346 0.0769
0.0026
716 171 182 0.4844 0.9507 53 9 32 1286 2951 321 874 1942 0.2321 3.8367 1.2680 0.0000
0.0000
538 222 182 0.5495 0.9666 245 22 40 1245 3407 87 1067 1201 0.2399 3.3047 1.3195 0.0000
0.0000
429 158 131 0.5467 0.9724 141 24 33 884 2459 142 479 684 0.2522 3.4219 1.2637 0.1538
0.0050
239 75 71 0.5137 0.9496 77 10 2 581 1311 63 688 460 0.2243 3.9654 1.5159 0.0000
0.0000
624 51 84 0.3778 0.9111 4 2 96 530 1068 129 534 1007 0.2155 4.1659 1.3991 0.1333
0.0027
481 47 53 0.4700 0.9661 0 0 130 336 735 82 300 597 0.2284 4.0500 1.3862 0.0909
0.0000
442 113 96 0.5407 0.9590 30 5 11 796 1792 136 687 1048 0.2351 4.0232 1.3922 0.0000
0.0000
385 33 45 0.4231 0.9767 0 0 39 232 564 42 225 406 0.2302 3.6397 1.3754 0.0000
0.0000
317 150 83 0.6438 0.9582 154 26 30 661 1919 95 453 1163 0.2349 3.0239 1.2057 0.3333
1.0556
565 30 33 0.4762 0.9789 0 0 52 298 649 59 292 446 0.2347 4.3027 1.5096 0.0000
0.0000
415 86 119 0.4195 0.9339 21 7 6 793 1556 153 841 1594 0.1949 3.7616 1.2634 0.0000
0.0000
329 84 75 0.5283 0.9483 32 6 31 555 1236 141 530 672 0.2283 4.0347 1.4265 0.0000
0.0000
320 38 51 0.4270 0.9604 1 0 7 320 590 91 299 502 0.2171 4.6154 1.4247 0.0000
0.0000
325 123 108 0.5325 0.9492 62 18 0 856 2093 137 778 1146 0.2306 3.5855 1.3362 0.0000
0.0000
579 223 212 0.5126 0.9679 251 32 29 1401 3912 158 761 1507 0.2542 3.4593 1.2820 0.4000
0.0828
257 84 95 0.4693 0.9440 15 6 0 702 1434 179 575 951 0.2229 4.1430 1.3174 0.0000
0.0026
625 172 181 0.4873 0.9668 149 27 23 1240 3029 302 1058 1281 0.2342 3.6562 1.3390 0.0556
0.0000
356 139 123 0.5305 0.9476 106 25 1 857 2130 184 711 1493 0.2205 3.3051 1.2174 0.1429
0.0000
366 108 128 0.4576 0.9483 92 17 11 997 2117 128 890 660 0.2386 4.4783 1.5007 0.0000
0.0000
391 170 177 0.4899 0.9375 306 23 7 1029 2957 78 829 1127 0.4109 3.0120 1.2314 0.0000
0.0340
514 35 38 0.4795 0.9789 0 0 56 298 673 53 269 515 0.2258 3.8314 1.3457 0.0000
0.0000
453 169 157 0.5184 0.9585 162 34 16 920 2676 71 851 1014 0.2310 2.9756 1.2675 0.0000
0.0150
414 137 103 0.5708 0.9764 112 22 18 874 2048 137 851 992 0.2236 3.6249 1.3359 0.0714
0.0000
414 122 129 0.4861 0.9559 74 14 19 833 2043 197 665 1301 0.2303 3.5358 1.2772 0.0909
0.0000
367 164 175 0.4838 0.9491 312 25 3 1191 3376 61 689 787 0.6931 3.6136 1.3704 0.0000
0.0000
344 134 118 0.5317 0.9491 137 16 12 909 2439 68 422 571 0.2694 3.8730 1.3544 0.0000
0.0000
378 186 139 0.5723 0.9392 289 35 8 886 2631 30 1059 1552 0.2109 2.6897 1.2447 0.0000
0.0199
345 122 99 0.5520 0.9583 101 25 5 822 1988 198 495 880 0.2365 3.6672 1.2308 0.3333
0.0000
323 45 43 0.5114 0.9732 13 2 44 355 850 57 301 332 0.2376 3.8294 1.3795 0.0000
0.0000
305 111 113 0.4955 0.9714 55 11 0 872 1884 194 740 973 0.2345 4.2254 1.4128 0.0833
0.0000
405 123 107 0.5348 0.9591 73 24 3 811 1946 177 933 1639 0.2040 3.2178 1.2692 0.0588
0.0000
398 155 134 0.5363 0.9523 53 21 0 1052 2448 246 704 1594 0.2327 3.7349 1.2434 0.0769
0.0053
589 88 105 0.4560 0.9596 33 6 55 676 1441 182 702 1162 0.2057 3.7075 1.3059 0.0000
0.0000
519 108 117 0.4800 0.9630 62 10 58 755 1901 157 558 987 0.2407 3.6240 1.3115 0.0000
0.0000
518 209 166 0.5573 0.9325 167 49 6 1124 3084 280 855 2486 0.2188 2.9476 1.1477 0.6429
1.0429
311 27 44 0.3803 0.9294 2 1 57 251 443 40 392 630 0.1703 3.8331 1.4169 0.4000
0.0000
365 176 152 0.5366 0.9299 270 12 6 1202 3301 109 764 563 1.9026 3.8498 1.4466 0.0000
0.0000
321 23 33 0.4107 0.9843 0 0 14 314 663 48 319 350 0.2416 4.6227 1.6063 0.0000
0.0000
1071 197 171 0.5353 0.9459 100 20 390 1278 3076 347 738 2401 0.2273 3.5007 1.1608 0.2500
1.1079
427 166 166 0.5000 0.9558 199 20 14 1174 2873 103 1042 1030 0.2372 3.7459 1.3880 0.0000
0.0594
362 139 167 0.4542 0.8484 260 14 4 1229 3172 63 841 848 0.7579 4.0159 1.4570 0.0000
0.0000
563 48 43 0.5275 0.9917 0 0 32 295 825 49 270 640 0.2229 2.9977 1.2364 0.0000
0.0000
92 12 27 0.3077 0.9880 0 0 0 238 465 46 118 153 0.2756 5.7426 1.5630 0.0000
0.0000
324 11 9 0.5500 0.9138 0 0 3 121 297 25 139 244 0.2255 3.6749 1.4713 0.0000
0.0000
341 86 74 0.5375 0.9754 19 4 9 672 1340 173 576 939 0.2260 4.4211 1.4006 0.0000
0.0000
252 63 74 0.4599 0.9167 51 8 12 569 1338 70 414 453 0.2536 4.2439 1.4519 0.0000
0.0050
345 138 119 0.5370 0.9500 71 14 1 817 2067 140 674 1136 0.2302 3.4559 1.2883 0.0833
0.0034
407 115 137 0.4563 0.9551 87 9 5 890 2274 194 595 1140 0.2484 3.7158 1.3309 0.0769
0.0000
389 142 136 0.5108 0.9535 51 17 0 1203 2586 228 865 1252 0.2515 4.5864 1.4619 0.0667
0.0000
335 122 78 0.6100 0.9455 71 14 13 763 1637 199 646 981 0.2252 3.9955 1.3284 0.0833
0.0423
291 124 118 0.5124 0.9524 205 19 4 637 2097 31 614 998 0.2425 2.4915 1.1782 0.0000
0.0000
669 254 213 0.5439 0.9426 273 29 28 1430 4106 111 1213 1471 0.2365 3.1493 1.3015 0.0000
0.4109
848 104 95 0.5226 0.9557 6 0 193 531 1347 141 362 877 0.2367 3.4756 1.2429 0.3750
0.2516
325 70 90 0.4375 0.9568 25 7 7 649 1385 152 671 865 0.2227 4.0694 1.4324 0.0000
0.0000
330 130 123 0.5138 0.9371 180 27 8 678 2090 23 690 1164 0.2633 2.6822 1.2220 0.0000
0.0066
370 30 43 0.4110 0.9758 0 0 75 297 611 52 345 395 0.2191 4.2837 1.5321 0.0909
0.0000
509 48 45 0.5161 0.9427 1 1 132 298 751 70 334 668 0.2154 3.2535 1.3162 0.0000
0.0000
590 106 111 0.4885 0.9493 41 5 83 653 1628 152 468 1177 0.2293 3.4469 1.2293 0.3571
0.0000
720 121 124 0.4939 0.9696 17 2 25 929 2083 214 724 1643 0.2364 4.1113 1.3803 0.0000
0.0000
570 266 162 0.6215 0.9619 279 44 21 1384 3271 224 1764 2581 0.2022 3.2548 1.3157 0.4444
1.2500
257 61 85 0.4178 0.9571 62 2 10 675 1455 68 482 397 0.2608 4.8926 1.5600 0.0000
0.0000
263 107 87 0.5515 0.9645 33 10 0 731 1693 190 552 1252 0.2297 3.7374 1.2753 0.0000
0.0000
307 114 96 0.5429 0.9676 25 9 1 696 1421 191 715 1743 0.1853 3.3557 1.1443 0.1333
0.0054
374 193 128 0.6012 0.9752 227 17 13 1177 2845 132 1040 985 0.2459 4.0385 1.4811 0.1333
0.0483
620 31 41 0.4306 0.9013 0 0 100 307 699 62 351 518 0.2226 3.8553 1.4651 0.0000
0.0000
944 114 118 0.4914 0.9612 4 2 341 549 1474 123 492 1299 0.2123 2.9042 1.1556 0.4118
1.0805
524 200 173 0.5362 0.8971 63 15 0 1366 3069 304 1332 2610 0.2250 3.8451 1.3765 0.2941
0.0025
690 85 70 0.5484 0.9539 7 2 81 583 1398 149 438 812 0.2205 3.4101 1.1932 0.0667
0.0000
400 86 139 0.3822 0.9680 62 9 9 891 2061 193 605 1017 0.2438 4.0589 1.3494 0.0000
0.0000
278 100 94 0.5155 0.9431 110 19 7 550 1667 34 481 680 0.2325 2.8194 1.2235 0.0000
0.0000
288 77 59 0.5662 0.9751 36 11 7 518 1284 83 433 458 0.2384 3.6507 1.3446 0.0000
0.0000
513 217 146 0.5978 0.9763 186 29 13 1257 3335 186 846 870 0.2458 3.5094 1.2970 0.0000
0.0800
526 167 143 0.5387 0.9788 101 19 4 1199 2806 251 890 1491 0.2402 3.8957 1.3343 0.0556
0.0056
498 236 106 0.6901 0.9589 156 45 10 967 2766 228 1086 1956 0.2122 2.7451 1.2150 0.6250
1.0365
229 96 93 0.5079 0.8609 169 7 4 760 1857 47 659 586 0.5912 3.9729 1.4614 0.0000
0.0000
432 63 64 0.4961 0.9470 20 4 55 509 1165 98 421 576 0.2338 3.9605 1.3712 0.0833
0.0000
498 168 136 0.5526 0.9718 67 19 3 1169 2777 216 832 1133 0.2370 3.7647 1.2914 0.0000
0.0058
521 114 113 0.5022 0.9408 70 18 51 796 2071 155 586 1047 0.2340 3.3676 1.2490 0.1250
0.0000
614 54 65 0.4538 0.9485 5 0 127 397 1034 51 457 791 0.2200 3.2315 1.3485 0.0000
0.0000
567 17 24 0.4146 0.8854 0 0 7 180 434 39 180 324 0.2356 3.8974 1.4771 0.0000
0.0000
217 48 63 0.4324 0.9275 26 6 0 426 988 99 383 501 0.2264 3.7393 1.3371 0.0000
0.0000
251 147 66 0.6901 0.9648 202 16 4 631 1843 38 510 790 0.2720 2.8433 1.1781 0.0000
0.0000
221 66 79 0.4552 0.9542 75 11 4 595 1367 96 578 382 0.2407 4.1097 1.4927 0.0000
0.0000
312 86 87 0.4971 0.9614 63 7 7 689 1381 176 662 827 0.2156 4.1395 1.3638 0.0000
0.0000
1119 90 87 0.5085 0.9630 0 0 424 400 1166 81 495 975 0.2195 2.8900 1.3334 0.1905
0.0619
402 106 97 0.5222 0.9589 81 10 12 822 2033 111 701 622 0.2453 3.9184 1.4481 0.0769
0.0000
433 175 212 0.4522 0.9258 342 22 6 1371 3460 69 1332 1098 0.4681 3.6767 1.4279 0.0000
0.0049
415 35 43 0.4487 0.8889 0 0 29 315 653 54 313 449 0.2220 4.1959 1.4297 0.0000
0.0000
221 35 28 0.5556 0.9292 0 0 5 306 616 63 249 383 0.2366 4.6390 1.4570 0.0000
0.0000
570 197 171 0.5353 0.9481 198 40 17 1206 3375 164 819 1187 0.2506 3.4435 1.3306 0.0714
0.0000
602 197 230 0.4614 0.9685 163 36 11 1438 3772 286 894 1734 0.2479 3.5840 1.2922 0.2500
0.0000
351 34 40 0.4595 0.9524 0 0 57 225 529 53 286 471 0.2028 3.3233 1.3375 0.0000
0.0000
252 80 90 0.4706 0.9358 90 14 4 464 1297 37 530 638 0.2185 2.9040 1.2705 0.0000
0.0000
625 141 155 0.4764 0.9877 68 27 58 1010 2367 187 890 1587 0.2300 3.7697 1.3507 0.1111
0.0000
375 109 118 0.4802 0.9575 100 17 13 885 2148 104 735 851 0.2472 3.9746 1.4386 0.0000
0.0000
705 364 310 0.5401 0.8993 646 57 2 1910 6405 122 745 1806 0.2538 2.8634 1.1910 0.0000
0.0000
931 96 113 0.4593 0.9658 4 0 218 560 1464 123 445 940 0.2314 3.3377 1.2642 0.0000
0.0000
287 23 10 0.6970 0.9853 0 0 7 142 290 32 164 296 0.1965 3.7441 1.3301 0.0000
0.0000
428 142 97 0.5941 0.9716 111 27 23 789 2148 122 719 1117 0.2325 3.2653 1.3184 0.2143
0.0000
345 99 93 0.5156 0.9770 15 8 1 894 1752 237 628 1256 0.2324 4.5595 1.3487 0.0000
0.0000
352 69 53 0.5656 0.9447 9 4 48 351 815 74 413 703 0.2025 3.2929 1.2801 0.1000
0.0000
402 129 157 0.4510 0.9599 153 18 12 1027 2471 213 881 881 0.2335 3.7310 1.3531 0.0714
0.0046
355 97 164 0.3716 0.9541 127 10 8 1064 2338 114 836 615 0.2520 4.5492 1.5078 0.0000
0.0000
419 61 65 0.4841 0.9315 20 4 32 438 1053 74 414 743 0.2210 3.5207 1.3102 0.0000
0.0000
528 251 174 0.5906 0.9458 255 56 6 1258 3279 257 1336 3117 0.2041 2.9148 1.1881 0.5294
1.1196
668 100 93 0.5181 0.9623 35 9 145 687 1654 126 570 1103 0.2281 3.6017 1.2955 0.0667
0.0036
450 48 34 0.5854 0.9250 0 0 109 209 566 38 223 394 0.2218 3.1298 1.3128 0.0000
0.0000
299 138 131 0.5130 0.9296 240 10 6 1007 2552 75 906 744 1.4525 3.7931 1.4473 0.0000
0.0066
307 15 23 0.3947 0.9535 1 0 26 211 433 40 199 265 0.2267 4.2452 1.4128 0.0000
0.0000
175 12 17 0.4138 0.9500 1 0 12 125 261 26 151 184 0.2204 4.2506 1.5567 0.0000
0.0000
353 113 109 0.5090 0.9522 83 13 8 836 2104 149 646 1105 0.2439 3.6888 1.3483 0.0000
0.0000
368 189 102 0.6495 0.9555 173 28 9 930 2290 138 1095 1468 0.2134 3.3440 1.3524 0.5000
0.6138
289 76 86 0.4691 0.9552 63 15 5 660 1436 154 574 677 0.2287 4.0853 1.3824 0.0000
0.0000
430 194 112 0.6340 0.9474 68 24 3 1091 2564 210 954 2293 0.2191 3.5060 1.2561 0.2500
0.0436
1002 124 107 0.5368 0.9186 16 0 310 605 1497 119 732 1502 0.1994 3.0094 1.2319 0.4091
1.1422
554 56 74 0.4308 0.9688 10 3 91 481 1081 85 466 837 0.2239 3.8652 1.3813 0.0000
0.0000
571 145 119 0.5492 0.9647 89 18 53 985 2292 292 849 1267 0.2227 3.6307 1.2864 0.1429
0.0000
518 43 44 0.4943 0.9682 2 1 182 364 857 96 271 429 0.2458 4.0528 1.3955 0.1818
0.0000
379 111 115 0.4912 0.9208 101 16 22 907 2196 111 639 730 0.2562 4.1833 1.4529 0.0000
0.0000
401 77 94 0.4503 0.9129 29 10 5 676 1407 133 769 1054 0.2140 4.0705 1.4558 0.0000
0.0000
453 237 146 0.6188 0.9278 337 22 6 1246 3670 76 774 955 2.6867 3.3122 1.3126 0.0000
0.0000
616 270 212 0.5602 0.9519 314 35 18 1638 4412 148 1295 1512 0.2457 3.5268 1.3653 0.0000
0.4554
552 42 58 0.4200 0.9277 3 1 4 496 954 83 498 622 0.2267 4.7658 1.5502 0.0000
0.0000
345 124 99 0.5561 0.9688 79 15 3 863 2105 202 559 750 0.2464 3.8086 1.3063 0.0909
0.0000
356 47 45 0.5109 0.9701 12 3 58 307 771 65 343 459 0.2213 3.4111 1.3753 0.1000
0.0088
447 123 108 0.5325 0.9652 92 17 23 782 1940 186 630 904 0.2236 3.4088 1.2448 0.0588
0.0066
367 119 150 0.4424 0.9325 157 22 13 806 2205 49 783 1159 0.2312 3.1049 1.2789 0.0000
0.0000
786 31 32 0.4921 0.9364 0 0 27 379 825 73 260 494 0.2557 4.6429 1.4769 0.0000
0.0000
474 142 158 0.4733 0.9580 42 14 5 1137 2519 230 986 1727 0.2334 4.1135 1.4090 0.0667
0.0000
616 300 141 0.6803 0.9517 298 35 55 1339 3849 162 1187 2266 0.2314 3.0581 1.2780 0.3529
1.0165
207 63 73 0.4632 0.9481 66 11 4 494 1237 62 444 374 0.2421 3.7785 1.4286 0.1000
0.0347
384 132 136 0.4925 0.9677 42 16 2 978 2239 155 786 1371 0.2360 3.9589 1.3606 0.1429
0.0000
425 38 36 0.5135 0.9250 3 1 25 317 717 52 222 287 0.2528 4.3337 1.4263 0.0000
0.0000
368 170 91 0.6513 0.9807 95 26 4 874 2198 226 633 1778 0.2244 3.2885 1.1835 0.2857
0.1173
398 162 136 0.5436 0.9654 54 11 0 1118 2659 282 622 1279 0.2475 3.9305 1.2816 0.0000
0.0027
508 143 113 0.5586 0.9787 96 14 48 882 2186 121 721 709 0.2372 3.6818 1.3483 0.0000
0.0000
261 51 59 0.4636 0.9484 47 6 7 488 1099 92 346 352 0.2429 4.1723 1.3727 0.1000
0.0000
254 8 11 0.4211 0.9767 0 0 2 126 274 29 84 137 0.2658 4.9520 1.5633 0.0000
0.0000
403 126 97 0.5650 0.9853 71 16 14 855 2020 204 600 801 0.2350 3.7592 1.2799 0.0625
0.0000
765 51 54 0.4857 0.9518 3 1 14 440 989 101 381 778 0.2349 4.0463 1.3999 0.0000
0.0000
240 91 79 0.5353 0.8950 17 3 0 672 1360 149 667 1243 0.2134 4.0773 1.3665 0.1000
0.0000
266 100 83 0.5464 0.9611 56 8 2 738 1717 162 436 853 0.2478 4.0133 1.3009 0.0000
0.0000
348 26 24 0.5200 0.9917 0 0 12 228 537 47 186 372 0.2374 3.8547 1.3582 0.0000
0.0000
306 62 89 0.4106 0.9636 47 6 17 601 1297 181 320 557 0.2385 4.2148 1.2600 0.0000
0.0000
453 136 113 0.5462 0.9556 99 20 21 901 2154 240 601 1575 0.2309 3.6282 1.2327 0.2143
0.0505
528 161 165 0.4939 0.9607 135 14 25 1389 2980 167 1442 1318 0.2286 4.2439 1.5012 0.0000
0.0000
555 210 158 0.5707 0.9644 208 24 10 1298 3460 165 871 981 0.2536 3.6408 1.3498 0.0000
0.1100
495 93 75 0.5536 0.9636 20 3 68 464 1152 130 236 741 0.2265 3.3152 1.1019 0.0000
0.0000
358 52 33 0.6118 0.9346 7 3 32 310 656 88 382 797 0.1846 3.2721 1.2174 0.0000
0.0000
324 102 94 0.5204 0.9194 90 14 8 779 1838 71 779 856 0.2411 4.0285 1.5037 0.0833
0.0110
410 116 147 0.4411 0.9633 140 16 13 822 2319 43 773 790 0.2377 3.1579 1.3199 0.0000
0.0000
242 74 73 0.5034 0.9328 7 4 1 662 1408 130 493 894 0.2422 4.4441 1.4180 0.0000
0.0000
421 40 31 0.5634 0.9516 3 1 42 225 556 51 214 531 0.2040 3.0543 1.1614 0.0000
0.0000
249 59 67 0.4683 0.9729 18 6 5 439 1051 94 287 615 0.2331 3.6629 1.2404 0.0833
0.0000
441 66 62 0.5156 0.9273 5 3 3 517 1163 105 387 712 0.2412 4.1409 1.3794 0.0000
0.0000
374 111 110 0.5023 0.9451 72 17 14 727 1895 167 492 1128 0.2335 3.3537 1.2235 0.0000
0.0000
196 38 52 0.4222 0.9756 8 4 1 465 924 94 286 442 0.2545 5.0748 1.4673 0.0000
0.0000
276 41 48 0.4607 0.9611 9 4 7 354 807 79 406 438 0.2254 3.8759 1.4757 0.0000
0.0000
245 89 84 0.5145 0.9532 26 5 0 717 1604 139 504 1175 0.2419 4.1489 1.3553 0.0909
0.0000
582 223 186 0.5452 0.9523 181 25 23 1447 3706 161 1118 1160 0.2494 3.8009 1.4079 0.2000
0.3377
354 87 107 0.4485 0.9328 56 17 4 711 1593 125 614 891 0.2281 3.9210 1.3523 0.0833
0.0000
321 111 103 0.5187 0.9512 24 11 0 846 1822 223 716 1368 0.2187 3.8867 1.2956 0.0714
0.0000
219 57 76 0.4286 0.8964 66 12 5 400 1100 26 582 623 0.2113 2.8662 1.3392 0.0000
0.0000
703 74 90 0.4512 0.9027 4 0 54 601 1329 129 652 1141 0.2112 3.6871 1.3504 0.0000
0.0000
217 69 65 0.5149 0.9711 61 12 7 455 1025 96 539 741 0.2044 3.5020 1.3375 0.0000
0.0000
387 44 71 0.3826 0.9492 26 5 29 478 1125 67 520 630 0.2298 3.8297 1.4644 0.0000
0.0000
280 84 91 0.4800 0.9691 27 10 0 731 1574 152 612 706 0.2345 4.2218 1.4028 0.0000
0.0000
393 167 179 0.4827 0.9144 297 11 3 1326 3334 62 974 868 0 3.9613 1.4300 0.0000
0.0000
227 63 89 0.4145 0.9378 2 1 1 717 1358 148 601 762 0.2507 5.3745 1.6316 0.0000
0.0000
379 76 82 0.4810 0.9645 53 5 21 704 1672 95 620 475 0.2427 4.0076 1.4497 0.0714
0.0000
396 109 89 0.5505 0.9523 63 10 8 721 1661 157 655 669 0.2277 3.8088 1.3594 0.0769
0.0046
382 80 96 0.4545 0.9494 22 6 10 732 1589 163 524 699 0.2452 4.3716 1.4021 0.0833
0.0000
296 62 69 0.4733 0.9701 56 5 7 639 1510 64 360 334 0.2661 4.4628 1.4511 0.0000
0.0000
319 77 98 0.4400 0.9770 66 18 10 656 1540 100 630 564 0.2370 3.9316 1.4451 0.0000
0.0000
301 93 81 0.5345 0.9364 10 4 0 793 1540 247 562 1058 0.2346 4.6759 1.3772 0.0000
0.0000
360 144 116 0.5538 0.9600 184 27 17 698 2123 41 697 1092 0.2200 2.6491 1.1892 0.0000
0.0000
642 41 42 0.4940 0.9818 0 0 311 234 607 64 255 861 0.1900 2.6669 1.0916 0.1429
0.0155
561 57 42 0.5758 0.9348 0 0 193 261 686 47 271 533 0.2204 3.2061 1.3062 0.1000
0.0000
527 46 50 0.4792 0.9693 12 2 90 331 842 89 296 621 0.2197 3.2629 1.2464 0.1250
0.0000
582 34 42 0.4474 0.9444 0 0 82 310 611 83 341 541 0.2099 4.1913 1.4301 0.0000
0.0000
256 14 15 0.4828 0.9167 0 0 14 173 298 26 216 275 0.1987 4.6524 1.5359 0.0000
0.0000
344 131 112 0.5391 0.9620 34 10 1 996 2111 269 775 1290 0.2365 4.3193 1.3906 0.2143
0.0025
407 104 107 0.4929 0.9748 68 13 15 839 2000 167 571 864 0.2497 4.0136 1.3666 0.0714
0.0000
511 28 19 0.5957 0.9298 0 0 6 225 448 45 232 351 0.2190 4.4182 1.4836 0.0000
0.0000
267 57 51 0.5278 0.9755 4 0 4 473 1079 115 221 547 0.2636 4.4623 1.3627 0.0000
0.0000
357 73 78 0.4834 0.9478 4 2 56 600 1285 160 460 874 0.2341 4.2089 1.3601 0.0000
0.0000
1010 67 71 0.4855 0.9056 0 0 326 411 1002 96 462 945 0.2163 3.4527 1.3665 0.1176
0.0000
744 70 63 0.5263 0.9824 0 0 147 392 952 97 349 788 0.2180 3.3772 1.2454 0.2308
0.0058
463 40 35 0.5333 0.9808 0 0 35 291 621 67 266 562 0.2157 3.9031 1.3219 0.0000
0.0000
199 34 38 0.4722 0.9677 25 3 13 335 754 41 284 243 0.2435 4.3215 1.4878 0.0000
0.0000
510 204 150 0.5763 0.9434 68 25 5 1211 2939 235 1007 2014 0.2235 3.4817 1.2606 0.1667
0.1487
339 60 47 0.5607 0.9064 4 2 21 404 947 85 378 726 0.2302 3.7809 1.3778 0.0000
0.0000
198 70 90 0.4375 0.9393 129 18 5 469 1355 25 448 580 0.3837 2.9767 1.2715 0.0000
0.0000
430 76 48 0.6129 0.9428 17 3 63 450 1136 64 380 429 0.2481 3.8992 1.4596 0.0000
0.0000
418 118 101 0.5388 0.9708 98 11 24 800 1763 117 979 971 0.2081 3.6879 1.4045 0.1667
0.0000
258 83 78 0.5155 0.9653 80 9 13 692 1490 99 623 527 0.2360 4.3532 1.4769 0.1000
0.0000
147 49 33 0.5976 0.9447 47 5 8 301 769 38 267 264 0.2306 3.4422 1.3164 0.0000
0.0000
332 117 109 0.5177 0.9717 19 8 0 891 1938 162 852 1181 0.2275 4.0644 1.4141 0.0714
0.0000
545 87 76 0.5337 0.9558 13 6 125 391 1040 110 535 1036 0.1998 2.8333 1.2681 0.0667
0.0345
281 74 76 0.4933 0.9419 10 2 3 685 1374 181 471 997 0.2438 4.7952 1.4351 0.0000
0.0000
505 97 101 0.4899 0.9494 75 17 33 809 1820 173 685 1140 0.2300 3.9414 1.3560 0.0667
0.0000
493 39 34 0.5342 0.8947 0 0 99 187 519 50 181 412 0.2185 2.9911 1.2441 0.0714
0.0000
330 63 87 0.4200 0.9298 37 2 33 682 1511 85 501 441 0.2691 5.0229 1.6465 0.0000
0.0000
384 34 30 0.5313 0.8791 0 0 78 214 548 55 232 513 0.2023 2.9814 1.2074 0.1000
0.0000
315 70 104 0.4023 0.9643 78 7 15 674 1642 47 587 608 0.2450 3.9899 1.4661 0.0000
0.0000
557 35 33 0.5147 0.8921 0 0 59 321 709 63 256 581 0.2390 4.2485 1.4191 0.0000
0.0000
451 174 150 0.5370 0.9558 127 31 3 1111 2787 249 910 1601 0.2309 3.4872 1.2894 0.1333
0.0157
797 109 143 0.4325 0.9393 47 11 38 893 2183 185 657 1038 0.2388 3.7208 1.3148 0.0952
0.0054
297 34 35 0.4928 0.9126 6 1 6 357 840 57 364 374 0.2301 3.7874 1.4193 0.0000
0.0000
480 151 136 0.5261 0.9703 86 29 7 996 2497 193 799 1491 0.2265 3.3801 1.2428 0.0667
0.0030
361 116 117 0.4979 0.9724 59 18 4 691 1829 145 554 1065 0.2221 3.1064 1.1903 0.0833
0.0000
858 216 216 0.5000 0.9729 107 13 61 1582 3283 383 1665 2362 0.2030 3.7455 1.3016 0.0400
0.0107
325 87 91 0.4888 0.9617 78 14 20 715 1646 136 516 639 0.2452 4.1383 1.3904 0.0833
0.0132
497 47 41 0.5341 0.9379 0 0 91 204 586 32 139 328 0.2323 3.0297 1.1964 0.0833
0.0000
340 131 146 0.4729 0.9434 244 20 6 781 2435 27 677 986 0.3361 2.7375 1.2120 0.0000
0.0000
568 58 53 0.5225 0.9543 2 0 155 313 782 57 291 666 0.2194 3.3350 1.2703 0.2000
0.0000
674 237 182 0.5656 0.9648 226 26 52 1500 4037 154 1003 1206 0.2504 3.5882 1.3396 0.0000
0.2552
545 64 35 0.6465 0.8974 0 0 97 249 619 50 315 548 0.2026 3.1039 1.2936 0.0000
0.0031
535 253 154 0.6216 0.9663 260 36 33 1188 3461 227 725 1677 0.2338 2.9780 1.1659 0.5625
1.1570
491 158 156 0.5032 0.9570 155 11 31 1281 3011 118 846 677 0.2608 4.4116 1.4759 0.0000
0.0000
380 104 152 0.4063 0.9534 123 11 13 1036 2384 136 835 734 0.2485 4.2751 1.4759 0.1667
0.0000
399 131 175 0.4281 0.9170 227 25 16 909 2610 51 853 1368 0.3691 3.0942 1.3098 0.0000
0.0000
543 57 71 0.4453 0.9725 5 0 92 465 1106 88 384 536 0.2381 3.8536 1.3720 0.0909
0.0000
500 224 166 0.5744 0.9577 181 42 1 1248 2958 374 954 2012 0.2108 3.2563 1.1341 0.5333
1.0161
379 145 113 0.5620 0.9669 83 23 0 1052 2463 258 740 1689 0.2414 3.9167 1.3250 0.0667
0.0027
242 95 71 0.5723 0.9692 81 13 7 606 1487 126 388 591 0.2421 3.7254 1.2807 0.1000
0.0662
302 67 99 0.4036 0.9528 54 14 10 614 1449 115 407 738 0.2439 3.9774 1.3359 0.0000
0.0000
353 112 131 0.4609 0.9231 44 15 1 923 2110 133 816 1225 0.2348 4.0079 1.4117 0.1333
0.0000
692 86 75 0.5342 0.9289 16 5 79 523 1272 109 511 889 0.2213 3.4644 1.3123 0.0556
0.0000
558 194 183 0.5146 0.9584 149 37 20 1233 3206 259 824 1709 0.2359 3.4012 1.2352 0.3571
0.0000
1005 62 67 0.4806 0.9596 0 0 142 451 983 127 464 1006 0.1979 3.4157 1.2177 0.0000
0.0000
280 28 34 0.4516 0.9623 1 0 34 234 531 50 203 351 0.2244 3.7674 1.3131 0.0000
0.0000
187 34 49 0.4096 0.9558 4 3 1 523 937 149 262 453 0.2683 6.0295 1.5359 0.0000
0.0000
310 99 91 0.5211 0.9571 63 16 7 648 1460 153 607 999 0.2218 3.7715 1.3367 0.1538
0.0000
245 39 37 0.5132 0.9728 13 1 25 327 772 73 257 239 0.2529 4.2224 1.4763 0.0000
0.0000
255 25 26 0.4902 0.9703 3 2 7 243 576 49 149 242 0.2635 4.3740 1.4500 0.0000
0.0000
664 284 226 0.5569 0.9521 267 49 7 1669 4142 484 997 3192 0.2251 3.3375 1.1418 0.1579
1.0030
760 288 231 0.5549 0.9613 162 46 4 1749 4783 302 1259 2245 0.2429 3.3418 1.2827 0.1538
0.4222
249 63 56 0.5294 0.9671 45 4 11 563 1107 89 567 568 0.2264 4.7518 1.5699 0.0000
0.0000
365 48 51 0.4848 0.9290 6 2 41 369 779 63 389 489 0.2274 4.3093 1.5156 0.0000
0.0000
334 91 106 0.4619 0.9614 50 7 9 668 1670 157 413 1042 0.2316 3.4605 1.1990 0.0000
0.0000
492 101 165 0.3797 0.9696 108 13 15 1036 2510 120 687 840 0.2535 4.0871 1.4014 0.0000
0.0000
542 112 117 0.4891 0.9633 82 11 43 977 2290 173 488 920 0.2510 4.0602 1.2827 0.0000
0.0000
802 417 279 0.5991 0.9678 531 110 34 1424 4913 97 1363 3509 0.2069 2.1668 1.0611 0.0000
1.1118
245 89 83 0.5174 0.9665 11 4 0 735 1639 194 412 887 0.2518 4.3558 1.3505 0.1000
0.0000
846 69 79 0.4662 0.9009 0 0 303 414 1155 86 247 909 0.2430 3.3022 1.2425 0.3125
0.0051
171 15 18 0.4545 0.9722 4 2 12 175 405 49 120 232 0.2470 4.1593 1.3864 0.0000
0.0000
305 100 123 0.4484 0.9689 73 19 2 735 1915 129 503 735 0.2373 3.4221 1.2509 0.2000
0.0000
322 102 101 0.5025 0.9283 76 17 9 655 1403 151 822 1376 0.1983 3.5872 1.3540 0.1667
0.0000
647 229 217 0.5135 0.9514 250 36 31 1656 4084 152 1396 1223 0.2446 3.8383 1.4113 0.0000
0.0069
898 283 237 0.5442 0.9443 180 31 18 1738 4620 395 1083 2461 0.2429 3.4527 1.2588 0.1200
0.3931
250 53 59 0.4732 0.9787 8 0 5 490 1006 105 446 542 0.2365 4.5200 1.4882 0.0000
0.0000
357 32 39 0.4507 0.9225 1 0 41 269 636 59 199 458 0.2438 4.0127 1.3840 0.0000
0.0000
202 64 62 0.5079 0.9703 71 9 12 505 1198 81 368 345 0.2531 4.1838 1.4415 0.0000
0.0000
600 342 225 0.6032 0.8735 554 39 2 1472 4439 81 1220 2562 0.2116 2.6246 1.1211 0.0000
0.0000
321 101 112 0.4742 0.9532 99 9 5 906 1925 184 747 816 0.2399 4.4092 1.4448 0.0833
0.0000
405 187 159 0.5405 0.9360 293 13 9 1329 3276 93 1201 797 6.1579 3.9593 1.4820 0.0000
0.0000
344 104 132 0.4407 0.9590 126 7 5 1052 2173 130 1049 691 0.2400 4.6740 1.5906 0.1667
0.0000
416 53 57 0.4818 0.8987 1 0 88 293 670 35 444 651 0.1958 3.3239 1.4042 0.2308
0.0000
470 186 117 0.6139 0.9647 34 13 10 1010 2518 254 668 1538 0.2349 3.5074 1.2293 0.2667
0.0079
359 133 119 0.5278 0.9362 28 9 0 992 2135 214 918 1668 0.2264 4.1232 1.4099 0.2500
0.0188
321 164 131 0.5559 0.8848 253 13 0 1054 2730 55 822 725 7.2995 3.7773 1.4144 0.0000
0.0000
303 141 133 0.5146 0.8778 264 19 0 939 2445 53 754 1170 0.2657 3.4697 1.3134 0.0000
0.0000
484 102 71 0.5896 0.9602 56 10 102 564 1421 118 539 749 0.2253 3.4305 1.3246 0.0000
0.0199
397 203 154 0.5686 0.9155 328 19 6 1126 3105 69 970 1229 0.3860 3.1761 1.2772 0.0000
0.0000
380 115 88 0.5665 0.9634 36 8 12 736 1693 150 662 1073 0.2206 3.6603 1.3013 0.0000
0.0000
303 128 117 0.5224 0.9405 210 19 8 781 2328 52 487 729 0.9928 3.1753 1.2716 0.0000
0.0000
736 114 144 0.4419 0.9571 44 8 108 866 2113 218 731 989 0.2383 3.7507 1.3686 0.0000
0.0000
796 34 39 0.4658 0.9527 0 0 39 266 649 60 295 493 0.2207 3.5085 1.3835 0.0000
0.0000
711 101 118 0.4612 0.9651 37 6 66 927 1915 203 978 1158 0.2212 4.2400 1.4703 0.0000
0.0000
445 146 155 0.4850 0.9458 78 30 1 1106 2737 228 857 1473 0.2382 3.6758 1.3272 0.1333
0.0000
325 82 103 0.4432 0.9456 62 4 19 860 1787 140 642 484 0.2550 4.9711 1.5601 0.0000
0.0000
765 66 74 0.4714 0.9113 1 1 143 378 1006 65 480 681 0.2160 3.1154 1.3608 0.0625
0.0000
383 79 95 0.4540 0.9727 66 11 18 765 1918 98 424 439 0.2650 4.0788 1.3874 0.0000
0.0000
433 66 48 0.5789 0.9593 14 2 74 364 957 88 269 268 0.2434 3.4642 1.2964 0.0909
0.0000
334 47 49 0.4896 0.9819 9 3 24 408 972 85 368 504 0.2338 3.7804 1.3795 0.0000
0.0000
612 222 209 0.5151 0.9398 140 33 17 1433 3635 290 1198 2556 0.2272 3.3592 1.2588 0.1053
0.0120
348 92 107 0.4623 0.9634 74 15 22 651 1597 121 538 606 0.2347 3.6818 1.3416 0.0000
0.0000
397 165 87 0.6548 0.9521 137 40 9 713 1754 204 817 2396 0.1847 2.7608 1.1061 0.5833
1.1582
322 95 103 0.4798 0.9542 88 14 7 772 1761 92 682 613 0.2448 4.2435 1.4921 0.2500
0.0000
321 68 91 0.4277 0.9620 21 5 21 571 1205 137 493 721 0.2195 4.0034 1.3228 0.0000
0.0000
308 143 85 0.6272 0.9728 134 14 10 816 2108 122 483 516 0.2531 3.7572 1.3255 0.0000
0.0110
199 27 47 0.3649 0.9299 22 3 1 425 781 62 522 450 0.2178 4.8705 1.6592 0.0000
0.0000
301 68 66 0.5075 0.9774 9 2 4 577 1305 104 493 639 0.2482 4.3480 1.5054 0.0000
0.0000
369 124 117 0.5145 0.9465 41 10 1 949 2188 196 767 1478 0.2329 3.8994 1.3491 0.0714
0.0029
213 49 44 0.5269 0.9379 34 7 13 388 849 54 415 446 0.2265 4.0510 1.4664 0.0000
0.0066
513 77 56 0.5789 0.9539 7 2 96 435 1043 81 396 551 0.2279 3.6261 1.3328 0.1538
0.0000
253 23 44 0.3433 0.8621 1 0 26 273 457 49 258 372 0.2117 5.0143 1.4592 0.0000
0.0000
415 98 103 0.4876 0.9539 26 9 12 777 1786 99 725 783 0.2383 4.0197 1.4434 0.0714
0.0000
309 34 55 0.3820 0.9249 19 2 54 356 814 74 312 375 0.2405 4.1130 1.4454 0.0000
0.0000
639 96 96 0.5000 0.9626 21 7 35 799 1975 122 549 857 0.2525 3.9281 1.3787 0.0000
0.0000
260 73 106 0.4078 0.9832 85 10 0 664 1570 160 416 671 0.2481 4.0080 1.3320 0.0000
0.0000
457 179 158 0.5312 0.9371 81 18 0 1306 2723 311 1289 2464 0.2168 3.9674 1.3542 0.2500
0.0000
327 108 82 0.5684 0.9577 91 21 17 541 1490 65 611 821 0.2200 3.0068 1.2974 0.1429
0.0000
278 58 60 0.4915 0.9474 30 4 13 426 1078 55 358 295 0.2355 3.5798 1.3408 0.0000
0.0000
294 80 86 0.4819 0.9612 11 4 1 664 1598 117 559 802 0.2469 4.0197 1.4509 0.0000
0.0000
647 65 58 0.5285 0.9583 1 0 126 411 919 94 459 819 0.2061 3.5251 1.3132 0.1429
0.0000
412 81 91 0.4709 0.9503 44 11 26 650 1442 130 725 849 0.2150 3.7791 1.3999 0.0000
0.1636
350 128 116 0.5246 0.9600 126 21 11 838 2123 197 616 1099 0.2331 3.4879 1.2667 0.2500
0.0000
344 59 68 0.4646 0.9134 28 10 16 529 1130 142 489 829 0.2165 3.9057 1.3281 0.0909
0.0000
745 80 77 0.5096 0.9389 0 0 136 353 1004 51 440 769 0.2181 2.9281 1.3309 0.1538
0.0000
483 162 147 0.5243 0.9715 119 28 13 1118 2833 268 597 1092 0.2522 3.7657 1.2837 0.1250
0.0316
376 38 27 0.5846 0.9571 3 3 10 245 688 38 197 331 0.2350 3.1500 1.2643 0.0000
0.0000
292 78 105 0.4262 0.9715 25 9 1 723 1570 147 535 888 0.2439 4.3632 1.4115 0.0000
0.0000
462 169 157 0.5184 0.9297 182 29 13 1127 2953 138 893 998 0.2423 3.5416 1.3429 0.1429
0.0000
416 119 90 0.5694 0.9438 72 10 19 783 2122 176 531 713 0.2566 3.6244 1.3645 0.0714
0.0093
374 117 124 0.4855 0.9232 155 14 10 921 2327 121 838 937 0.2327 3.5555 1.3576 0.1250
0.0000
388 194 100 0.6599 0.9542 241 39 13 731 2449 29 587 847 0.3810 2.4727 1.1411 0.0000
0.0066
696 58 72 0.4462 0.9619 1 0 101 436 1108 120 322 719 0.2331 3.4251 1.2482 0.0000
0.0000
394 140 119 0.5405 0.9594 52 18 2 952 2390 172 656 1121 0.2445 3.7123 1.3198 0.0000
0.0000
296 124 97 0.5611 0.9580 138 33 7 505 1673 27 554 616 0.2257 2.4728 1.2116 0.0000
0.0000
419 162 132 0.5510 0.9593 16 10 2 1010 2152 198 1163 1974 0.2083 3.8018 1.3864 0.1053
0.0092
335 65 73 0.4710 0.9312 15 1 26 602 1205 155 424 892 0.2338 4.5747 1.3755 0.0000
0.0000
357 90 105 0.4615 0.9581 66 14 8 712 1703 184 600 1305 0.2255 3.5846 1.2883 0.0909
0.0000
460 207 128 0.6179 0.9674 188 31 22 1024 2559 181 1251 1277 0.2115 3.2337 1.3368 0.5385
1.0481
312 144 106 0.5760 0.9438 103 23 1 898 2137 202 622 1323 0.2336 3.6955 1.2615 0.0000
0.0031
331 139 113 0.5516 0.9423 152 33 13 672 2022 54 664 1160 0.2266 2.7591 1.2254 0.0000
0.0000
640 191 181 0.5134 0.9642 192 30 44 1162 3304 158 737 1170 0.2450 3.2495 1.2556 0.2500
0.0235
253 60 64 0.4839 0.9643 18 2 3 553 1232 101 432 507 0.2551 4.5273 1.5136 0.0000
0.0000
603 50 34 0.5952 0.9521 0 0 55 345 678 80 362 641 0.2179 4.3569 1.4593 0.0000
0.0000
416 24 33 0.4211 0.9469 0 0 10 253 597 70 236 278 0.2378 3.9577 1.4479 0.0000
0.0000
348 89 102 0.4660 0.9693 9 1 5 917 1783 267 393 980 0.2626 5.2645 1.3881 0.0769
0.0000
655 68 63 0.5191 0.9770 1 1 64 443 1157 112 384 671 0.2273 3.2851 1.2697 0.0000
0.0000
516 62 57 0.5210 0.9686 0 0 111 259 790 35 282 358 0.2287 2.8543 1.3127 0.0000
0.0000
568 30 36 0.4545 0.9412 0 0 17 239 560 51 161 304 0.2442 4.0356 1.3527 0.0000
0.0000
576 57 39 0.5938 0.9454 0 0 95 269 776 41 257 577 0.2130 2.7543 1.1752 0.0000
0.0000
420 57 97 0.3701 0.9482 16 5 68 488 1130 98 490 829 0.2167 3.5534 1.3107 0.0000
0.0000
316 80 63 0.5594 0.9571 42 9 32 514 1135 118 421 645 0.2251 3.8863 1.3072 0.0909
0.0000
586 217 191 0.5319 0.9307 195 41 11 1390 3366 347 1099 2832 0.2223 3.4384 1.2272 0.1875
0.3396
425 157 137 0.5340 0.9519 90 15 4 1056 2400 233 823 1475 0.2286 3.8566 1.3079 0.0667
0.0101
340 166 112 0.5971 0.9665 164 27 3 869 2464 179 650 859 0.2416 3.2062 1.2766 0.0833
0.0148
297 47 58 0.4476 0.9329 8 5 4 462 938 112 343 558 0.2526 4.9422 1.5226 0.0000
0.0000
459 62 36 0.6327 0.9104 0 0 93 360 785 102 367 635 0.2056 3.5604 1.2659 0.0909
0.0000
504 55 61 0.4741 0.9596 10 1 73 472 978 105 590 574 0.2138 4.1163 1.5194 0.0000
0.0000
396 157 135 0.5377 0.9763 204 22 7 1051 2736 136 455 602 0.2569 3.7211 1.2553 0.0000
0.0174
550 194 179 0.5201 0.9559 206 26 28 1161 3231 113 918 1130 0.2399 3.2447 1.2884 0.0000
0.0750
899 99 76 0.5657 0.9167 0 0 238 445 1292 84 481 873 0.2230 2.8806 1.2752 0.1875
0.1745
594 260 230 0.5306 0.9561 356 27 23 1696 4489 223 1121 1073 0.2515 3.6683 1.3482 0.0476
1.1481
465 132 159 0.4536 0.9482 158 18 9 1191 2981 112 872 797 0.2525 3.9612 1.4239 0.0000
0.0000
472 39 37 0.5132 0.9425 2 1 20 388 873 67 284 564 0.2369 4.0526 1.3427 0.0000
0.0000
303 119 62 0.6575 0.9734 93 25 14 603 1591 169 562 862 0.2215 3.1497 1.2496 0.2000
0.0861
484 26 32 0.4483 0.9600 0 0 3 280 666 45 234 347 0.2470 4.0799 1.4571 0.0000
0.0000
392 96 111 0.4638 0.9578 43 9 6 866 2069 165 606 952 0.2491 3.9942 1.3709 0.0000
0.0000
308 42 39 0.5185 0.9866 0 0 5 431 738 116 392 452 0.2333 5.4711 1.5938 0.0000
0.0000
357 134 92 0.5929 0.9626 115 15 26 795 1934 103 705 1024 0.2337 3.7363 1.3781 0.0000
0.0000
302 134 84 0.6147 0.9551 74 30 4 655 1518 138 810 1605 0.1960 3.1882 1.2591 0.0833
0.0070
254 76 67 0.5315 0.9583 78 15 10 416 1138 22 511 625 0.2127 2.8956 1.2753 0.0000
0.0000
96 38 27 0.5846 0.8303 42 1 13 201 704 7 68 54 0.6017 3.1626 1.3497 0.0000
0.0000
315 14 18 0.4375 0.9592 0 0 93 146 249 30 200 396 0.1761 4.0723 1.3915 0.0000
0.0000
267 13 15 0.4643 0.9508 0 0 6 179 330 46 153 300 0.2197 4.7105 1.4123 0.0000
0.0000
551 148 88 0.6271 0.9632 86 7 101 834 2049 96 686 822 0.2337 3.6308 1.3230 0.0000
0.0250
471 243 142 0.6312 0.9459 244 52 2 1126 3153 320 709 2303 0.2215 2.8894 1.1011 0.6250
1.1139
536 201 177 0.5317 0.9487 197 30 19 1130 3233 107 858 1593 0.2367 3.0756 1.2372 0.0000
0.1852
723 97 112 0.4641 0.9613 3 1 188 484 1281 79 514 880 0.2193 3.1413 1.2945 0.1429
0.0194
250 38 34 0.5278 0.9627 8 1 15 288 607 56 249 245 0.2302 4.2867 1.4157 0.0000
0.0088
376 11 9 0.5500 0.9298 0 0 3 173 339 36 143 224 0.2396 4.9168 1.5221 0.0000
0.0000
692 245 193 0.5594 0.9612 122 30 8 1643 3897 372 1165 2149 0.2326 3.6971 1.2656 0.1739
0.0421
301 135 88 0.6054 0.9657 37 20 0 772 1691 170 795 1427 0.2094 3.6652 1.3114 0.0714
0.0000
546 55 42 0.5670 0.9557 0 0 115 320 732 53 425 632 0.2065 3.4532 1.3873 0.0714
0.0000
399 78 100 0.4382 0.9142 70 15 20 760 1613 101 886 815 0.2215 4.1463 1.5149 0.1429
0.0000
578 297 248 0.5450 0.7659 525 19 3 1591 5591 69 533 1366 0.4687 2.8890 1.2356 0.0000
0.0000
635 373 188 0.6649 0.9692 434 79 28 1133 4218 91 844 2502 0.2204 2.1330 1.0588 0.0000
1.2059
361 125 126 0.4980 0.9493 97 30 3 835 2276 161 638 1516 0.2325 3.1803 1.2332 0.2308
0.0000
188 84 80 0.5122 0.9280 143 4 1 706 1662 59 518 346 1.0654 4.4289 1.5195 0.0000
0.0000
410 72 95 0.4311 0.9759 70 7 19 673 1645 35 617 765 0.2408 3.8769 1.4478 0.0000
0.0000
535 152 156 0.4935 0.9211 87 24 12 1007 2314 199 958 1760 0.2123 3.4565 1.2479 0.0000
0.0000
490 207 126 0.6216 0.9665 231 29 31 979 2912 73 734 862 0.2351 2.9163 1.2068 0.0000
0.0300
409 67 50 0.5726 0.9262 22 5 63 373 1058 63 365 575 0.2342 3.1306 1.3270 0.0000
0.0000
380 106 108 0.4953 0.9495 30 11 7 791 1748 154 665 1003 0.2361 4.1174 1.3956 0.0000
0.0000
698 68 57 0.5440 0.9330 12 1 52 490 1125 104 497 701 0.2248 3.8061 1.3999 0.0000
0.0000
492 265 214 0.5532 0.9077 466 33 1 1155 4092 83 749 1704 0.2424 2.4312 1.1322 0.0000
0.0000
484 134 128 0.5115 0.9758 91 23 12 986 2281 255 795 1321 0.2268 3.7280 1.2923 0.2500
0.0000
987 141 119 0.5423 0.9617 18 2 172 821 2099 172 623 1361 0.2340 3.4539 1.2724 0.0952
0.0096
291 69 69 0.5000 0.9459 54 11 14 572 1161 87 838 757 0.2001 3.9099 1.5182 0.0000
0.0000
277 127 87 0.5935 0.9661 62 13 0 809 1854 173 606 1311 0.2327 3.8544 1.3023 0.2500
0.0103
723 70 70 0.5000 0.9353 0 0 159 385 1045 50 410 524 0.2313 3.3000 1.3857 0.0000
0.0000
425 141 134 0.5127 0.9191 103 23 14 879 1948 164 1312 2453 0.1840 3.1741 1.3080 0.4000
0.0000
654 38 30 0.5588 0.9704 0 0 17 320 724 66 362 604 0.2239 3.8954 1.4689 0.0000
0.0000
363 38 33 0.5352 0.8618 3 1 24 313 773 55 294 610 0.2205 3.3804 1.2804 0.0000
0.0000
465 246 142 0.6340 0.9120 314 32 24 1016 3276 52 812 1068 0.2260 2.6571 1.1879 0.0000
0.3371
318 86 93 0.4804 0.9743 41 13 2 663 1553 127 572 939 0.2401 3.9842 1.4189 0.0909
0.0000
824 96 92 0.5106 0.9218 5 1 180 528 1318 108 582 1109 0.2088 3.1373 1.2544 0.1053
0.0180
356 138 108 0.5610 0.9794 83 23 5 949 2245 235 518 904 0.2499 3.9899 1.2907 0.0769
0.0000
280 131 91 0.5901 0.9645 105 29 2 711 1646 242 548 1282 0.2132 3.3929 1.1633 0.3000
0.0093
352 92 92 0.5000 0.9746 57 5 6 715 1685 164 552 713 0.2429 3.9994 1.3903 0.0667
0.0000
874 90 68 0.5696 0.9630 0 0 153 431 1054 105 579 1003 0.1915 2.9596 1.2459 0.0556
0.0035
424 184 119 0.6073 0.9591 120 33 2 982 2488 230 826 1512 0.2216 3.2374 1.2139 0.2143
0.0376
273 85 89 0.4885 0.9616 105 17 14 417 1382 23 401 590 0.2195 2.3808 1.1311 0.0000
0.0000
279 88 94 0.4835 0.9148 95 10 16 665 1703 67 489 446 0.2543 3.8324 1.4036 0.0000
0.0000
370 78 90 0.4643 0.9639 34 13 3 690 1548 137 542 940 0.2310 3.9850 1.3412 0.0000
0.0000
490 188 180 0.5109 0.9443 219 25 7 1185 3280 84 956 1063 0.2453 3.3743 1.3402 0.0000
0.0100
474 29 35 0.4531 0.9833 0 0 12 221 482 41 225 450 0.2130 3.7742 1.3416 0.0000
0.0000
312 124 105 0.5415 0.9475 71 16 2 836 2036 151 624 955 0.2403 3.7689 1.3324 0.0000
0.0000
324 153 133 0.5350 0.8955 270 9 2 1177 2831 67 1058 900 3.3034 4.0690 1.4939 0.0000
0.0000
342 59 40 0.5960 0.9751 2 2 16 381 891 82 181 463 0.2604 4.3024 1.3450 0.0000
0.0000
297 81 86 0.4850 0.9476 56 9 7 602 1468 160 322 932 0.2380 3.6534 1.2070 0.0909
0.0000
1022 80 109 0.4233 0.9450 6 2 321 750 1629 151 651 1038 0.2394 4.3586 1.4722 0.1053
0.0000
344 130 99 0.5677 0.9097 98 27 15 709 1719 174 831 1625 0.1885 2.8610 1.1433 0.3333
0.0101
319 94 73 0.5629 0.9601 65 13 5 679 1606 136 541 672 0.2444 3.9906 1.4020 0.0000
0.0000
631 43 52 0.4526 0.9300 0 0 39 349 684 93 310 632 0.2229 4.4829 1.4186 0.0000
0.0000
261 42 42 0.5000 0.9901 23 6 15 362 889 72 247 263 0.2506 3.9635 1.3820 0.0000
0.0000
694 69 81 0.4600 0.9501 7 0 51 581 1487 101 608 895 0.2245 3.3706 1.3505 0.0000
0.0000
704 105 103 0.5048 0.9716 24 5 154 610 1522 140 600 1164 0.2149 3.2409 1.2527 0.1250
0.0000
474 39 32 0.5493 0.9187 0 0 15 291 577 83 395 456 0.2047 4.1179 1.5283 0.0000
0.0000
385 18 33 0.3529 0.9500 0 0 42 197 544 45 225 329 0.2184 3.0325 1.3153 0.0000
0.0000
253 69 84 0.4510 0.9662 64 9 10 574 1428 122 393 481 0.2542 3.9425 1.3897 0.0000
0.0000
710 59 65 0.4758 0.9635 0 0 150 389 1082 43 483 479 0.2249 3.0964 1.3841 0.0625
0.0000
298 19 29 0.3958 0.9340 3 1 13 247 526 43 239 258 0.2352 4.4490 1.5310 0.0000
0.0000
390 125 139 0.4735 0.9769 145 12 9 1016 2613 116 624 543 0.2698 4.1245 1.4601 0.0000
0.0000
276 84 92 0.4773 0.8943 93 16 4 522 1464 14 605 921 0.2154 2.8787 1.2678 0.0000
0.0000
262 66 80 0.4521 0.9535 6 2 1 646 1337 171 472 834 0.2445 4.7166 1.4676 0.0000
0.0000
534 43 52 0.4526 0.9156 0 0 96 317 766 61 286 455 0.2266 3.6515 1.3464 0.0000
0.0000
398 132 131 0.5019 0.9583 138 20 20 808 2352 77 565 678 0.2458 3.2097 1.2875 0.0000
0.0000
343 114 112 0.5044 0.9834 78 18 3 803 1995 211 462 1122 0.2431 3.6841 1.2525 0.3636
0.0000
435 49 40 0.5506 0.9127 4 0 56 300 708 79 356 471 0.2151 3.5340 1.3927 0.1000
0.0000
298 90 83 0.5202 0.9405 32 11 5 650 1604 135 513 1081 0.2297 3.5404 1.2812 0.0769
0.0000
210 24 17 0.5854 0.9552 0 0 0 152 344 43 119 212 0.2295 3.8717 1.3104 0.0000
0.0000
700 46 52 0.4694 0.9683 0 0 304 316 785 81 296 733 0.2158 3.2740 1.2444 0.2308
0.0052
416 43 40 0.5181 0.9185 0 0 89 267 698 53 186 416 0.2499 3.6687 1.3496 0.0769
0.0000
388 162 154 0.5127 0.9134 230 34 7 856 2474 57 1108 1403 0.2710 2.7752 1.2903 0.0000
0.0000
450 161 176 0.4777 0.9543 79 16 2 1381 2858 291 1156 1667 0.2342 4.3893 1.4175 0.0714
0.0000
365 63 59 0.5164 0.9425 24 5 46 484 935 101 560 612 0.2028 4.0609 1.3937 0.0000
0.0000
289 76 71 0.5170 0.9340 35 13 19 507 1308 75 387 827 0.2378 3.4983 1.2995 0.0000
0.0000
210 78 78 0.5000 0.9412 107 15 3 403 1180 18 578 667 0.2147 2.5095 1.2163 0.0000
0.0000
597 141 186 0.4312 0.9632 46 10 8 1303 2943 270 938 1403 0.2479 4.2300 1.3999 0.0455
0.0000
443 67 47 0.5877 0.9644 18 7 64 410 1040 95 300 364 0.2423 3.6059 1.3094 0.0000
0.0000
549 254 186 0.5773 0.9638 175 28 0 1657 3567 389 1390 2478 0.2213 3.8998 1.2963 0.2778
0.9016
297 103 80 0.5628 0.9614 90 13 23 622 1574 57 506 546 0.2413 3.6469 1.3550 0.0000
0.0000
317 98 88 0.5269 0.8886 82 19 6 567 1520 27 583 830 0.2252 3.1313 1.2904 0.0000
0.0000
460 101 80 0.5580 0.9903 55 8 50 590 1493 156 385 932 0.2310 3.4302 1.2132 0.0833
0.0000
685 124 142 0.4662 0.8978 46 10 5 1262 2833 293 681 1325 0.2561 4.4097 1.3643 0.0500
0.0000
555 284 220 0.5635 0.8924 468 30 15 1537 4195 98 1408 1803 0.3880 3.0527 1.2365 0.0000
0.0000
487 228 196 0.5377 0.9439 353 35 8 1156 3518 42 1238 1482 0.2250 2.8221 1.2901 0.0000
0.0000
288 80 82 0.4938 0.9702 67 11 9 592 1503 108 392 525 0.2518 3.8021 1.3523 0.0833
0.0000
273 77 56 0.5789 0.9729 54 13 12 523 1243 86 500 564 0.2351 3.8310 1.4186 0.3000
0.0000
364 120 115 0.5106 0.9580 123 20 16 815 1957 89 868 1242 0.2167 3.4714 1.3370 0.2857
0.0110
453 18 20 0.4737 0.9626 0 0 11 210 408 34 174 240 0.2498 5.1876 1.5974 0.0000
0.0000
415 93 53 0.6370 0.9274 17 0 107 406 985 52 444 378 0.2203 3.4967 1.3675 0.2308
0.0000
597 32 38 0.4571 0.9685 0 0 30 252 598 54 247 520 0.2249 3.6385 1.3556 0.0000
0.0000
439 68 101 0.4024 0.9366 22 3 59 606 1425 123 493 621 0.2340 3.7770 1.3283 0.0000
0.0000
518 53 50 0.5146 0.9129 0 0 60 386 976 40 329 400 0.2495 3.8500 1.4463 0.0000
0.0000
883 25 24 0.5102 0.9671 0 0 14 258 525 58 256 429 0.2201 4.2868 1.4418 0.0000
0.0000
728 44 63 0.4112 0.9580 1 0 347 314 758 69 396 884 0.2025 3.1944 1.3044 0.2857
0.0026
318 129 105 0.5513 0.9769 31 6 0 980 2188 217 586 1242 0.2588 4.5123 1.4192 0.2143
0.0000
361 116 126 0.4793 0.9248 32 8 2 1078 2313 214 690 1113 0.2564 4.7204 1.4611 0.0000
0.0000
392 124 92 0.5741 0.9732 20 7 3 891 1887 250 594 1415 0.2350 4.2421 1.3125 0.1538
0.0000
451 184 120 0.6053 0.9754 182 28 13 964 2715 107 640 844 0.2427 3.2042 1.2391 0.0000
0.0650
493 53 64 0.4530 0.9662 6 1 28 496 1061 117 418 655 0.2281 4.1333 1.3694 0.0000
0.0000
798 48 45 0.5161 0.9310 0 0 33 297 633 55 428 829 0.1861 3.4065 1.3522 0.0667
0.0000
643 45 42 0.5172 0.9381 0 0 314 237 607 51 260 793 0.2035 2.9832 1.2126 0.3000
0.0049
344 149 90 0.6234 0.9619 136 24 7 852 2102 252 490 1129 0.2364 3.5588 1.2030 0.4000
0.2042
488 207 150 0.5798 0.9705 212 33 26 1016 2674 137 1249 1796 0.2114 3.0551 1.3107 0.4118
0.5699
600 211 222 0.4873 0.9567 246 31 21 1664 3769 206 1732 2082 0.2289 3.9837 1.4633 0.2000
0.1255
620 361 208 0.6344 0.9442 531 48 17 1660 4912 156 1268 1868 0.2312 2.9547 1.2222 0.0000
0.0340
484 36 46 0.4390 0.9196 0 0 97 239 601 60 226 474 0.2196 3.2940 1.2665 0.0000
0.0000
702 221 204 0.5200 0.9682 107 29 16 1431 3466 276 1262 1747 0.2285 3.5935 1.3192 0.0455
0.0175
864 318 274 0.5372 0.9707 245 45 29 2012 5044 482 1809 3342 0.2224 3.3506 1.2681 0.2083
1.0765
336 18 32 0.3600 0.9346 0 0 3 286 519 57 263 347 0.2358 5.3737 1.6326 0.0000
0.0000
250 110 70 0.6111 0.9894 45 14 0 573 1505 146 413 1039 0.2202 3.0794 1.1453 0.1000
0.0000
277 36 53 0.4045 0.9337 3 3 11 436 909 66 338 455 0.2403 4.5628 1.4500 0.0000
0.0000
403 104 103 0.5024 0.9122 56 15 8 784 1790 188 815 1303 0.2162 3.6377 1.3430 0.0000
0.0000
201 58 59 0.4957 0.9458 52 7 0 486 972 108 499 636 0.2026 3.8903 1.3083 0.1000
0.0000
427 28 36 0.4375 0.9310 0 0 54 304 666 74 280 508 0.2324 4.1942 1.4502 0.0000
0.0000
526 135 117 0.5357 0.9266 83 20 19 998 2310 209 776 1372 0.2354 3.9007 1.3402 0.1250
0.0000
479 105 100 0.5122 0.9618 63 13 48 665 1697 137 556 1133 0.2220 3.2939 1.2400 0.1538
0.0000
270 98 84 0.5385 0.9340 58 18 4 640 1545 119 546 1039 0.2264 3.5658 1.2945 0.1000
0.0000
295 84 85 0.4970 0.8932 40 15 1 620 1362 103 788 857 0.2086 3.6978 1.4248 0.1538
0.0000
365 82 116 0.4141 0.9569 99 18 8 770 1936 61 651 535 0.2478 3.8119 1.4230 0.0000
0.0110
351 115 98 0.5399 0.9633 41 16 1 764 1833 145 676 1128 0.2298 3.6490 1.3315 0.0000
0.0000
349 77 86 0.4724 0.9548 16 2 4 826 1678 159 685 853 0.2409 4.6706 1.4846 0.0000
0.0000
622 40 39 0.5063 0.9516 0 0 217 258 598 46 330 588 0.2070 3.4554 1.3810 0.0714
0.0000
207 34 31 0.5231 0.9845 6 2 19 270 622 60 207 382 0.2243 3.6725 1.2529 0.1000
0.0000
1252 87 80 0.5210 0.9841 0 0 144 455 1055 113 581 1179 0.1932 3.1622 1.2633 0.0833
0.0025
204 46 62 0.4259 0.9344 20 9 2 468 884 131 378 549 0.2175 4.4259 1.3261 0.0000
0.0000
440 204 189 0.5191 0.9216 324 31 6 1256 3564 75 661 948 0.5489 3.3696 1.2594 0.0000
0.0000
541 196 195 0.5013 0.9697 140 40 1 1268 3471 249 940 1612 0.2405 3.2979 1.2747 0.1667
0.0066
390 114 115 0.4978 0.9522 113 11 15 917 2170 105 835 774 0.2380 3.9934 1.4540 0.0000
0.0000
411 36 29 0.5538 0.9574 0 0 21 200 432 44 209 501 0.2072 3.6835 1.3117 0.0000
0.0000
266 58 67 0.4640 0.9652 50 11 10 498 1259 56 325 301 0.2566 3.9640 1.4009 0.0000
0.0000
275 37 60 0.3814 0.9722 10 4 7 424 937 88 363 490 0.2424 4.2844 1.4596 0.0000
0.0000
286 42 68 0.3818 0.9515 21 1 21 424 932 84 340 516 0.2418 4.3102 1.4367 0.0000
0.0000
314 25 18 0.5814 0.9672 1 0 3 262 496 66 178 331 0.2501 5.2400 1.4978 0.0000
0.0000
246 41 55 0.4271 0.9145 20 3 10 394 806 72 399 423 0.2214 4.2248 1.4357 0.0000
0.0000
328 24 23 0.5106 0.9468 0 0 10 204 519 52 139 278 0.2426 3.6332 1.3021 0.0000
0.0000
212 64 59 0.5203 0.9624 10 4 2 456 1036 78 434 748 0.2240 3.7825 1.3548 0.0000
0.0000
558 268 152 0.6381 0.9609 211 53 4 1253 3349 303 1311 2212 0.2079 2.8564 1.1803 0.3158
1.2342
520 209 164 0.5603 0.9685 129 43 4 1203 3046 298 858 1728 0.2308 3.3983 1.2254 0.1765
0.0154
206 59 55 0.5175 0.9464 55 5 3 532 1075 68 531 514 0.2187 4.2737 1.4335 0.0000
0.0000
289 123 75 0.6212 0.9697 113 20 10 682 1715 104 758 732 0.2272 3.5021 1.4110 0.2000
0.0000
491 56 43 0.5657 0.8983 0 0 22 306 672 61 345 616 0.2150 3.8004 1.4034 0.0000
0.0000
529 174 170 0.5058 0.9721 132 36 10 1183 2703 256 1069 2167 0.2177 3.6330 1.2871 0.3889
0.0104
444 162 150 0.5192 0.9762 188 26 21 1003 2856 105 728 1104 0.2453 3.3192 1.3178 0.3846
0.0000
559 39 40 0.4937 0.9897 0 0 28 280 619 70 180 483 0.2387 4.0821 1.2943 0.0000
0.0000
475 114 109 0.5112 0.9647 64 14 25 820 1933 209 603 1179 0.2274 3.6200 1.2440 0.0769
0.0000
224 100 61 0.6211 0.9712 94 5 4 635 1392 82 740 703 0.2224 3.9974 1.4913 0.2000
0.0050
266 92 117 0.4402 0.9340 175 23 4 558 1663 22 532 693 0.2492 2.6321 1.1504 0.0000
0.0000
503 56 52 0.5185 0.8966 12 7 74 365 959 75 331 839 0.2181 3.1059 1.2197 0.0000
0.0000
427 56 77 0.4211 0.9163 21 4 40 495 1175 151 352 818 0.2311 3.7063 1.2704 0.0000
0.0000
617 240 162 0.5970 0.9719 247 35 32 1428 3900 128 916 1227 0.2574 3.5983 1.3484 0.0000
1.0330
207 67 68 0.4963 0.9505 21 4 0 475 1167 107 344 822 0.2268 3.4356 1.2143 0.0909
0.0000
737 79 74 0.5163 0.9326 0 0 179 364 1097 50 468 687 0.2184 2.7889 1.3323 0.0000
0.0185
256 92 78 0.5412 0.9270 93 23 8 472 1416 41 390 543 0.2329 2.8905 1.2289 0.0000
0.0000
777 314 265 0.5423 0.9690 303 53 11 1846 4938 399 1379 3534 0.2249 3.1052 1.1807 0.2273
1.0270
630 215 174 0.5527 0.9584 109 32 10 1258 3127 308 998 1576 0.2277 3.4459 1.2555 0.1765
0.0249
359 124 103 0.5463 0.9645 79 23 5 751 1894 157 706 1420 0.2175 3.2480 1.2494 0.1429
0.0000
355 133 131 0.5038 0.9615 90 20 1 813 2217 173 426 1015 0.2435 3.2984 1.1914 0.0909
0.0000
370 125 104 0.5459 0.9797 52 11 1 912 1984 218 852 1063 0.2239 3.9455 1.3632 0.0769
0.0000
347 158 112 0.5852 0.9622 194 28 10 742 2320 67 592 836 0.2327 2.7740 1.2096 0.0000
0.0000
372 189 109 0.6342 0.9528 242 27 12 749 2518 41 363 929 0.3141 2.5857 1.1051 0.0000
0.0108
350 50 44 0.5319 0.9581 3 1 20 380 838 54 287 394 0.2481 4.4435 1.4617 0.0000
0.0000
585 211 169 0.5553 0.9542 193 38 32 1201 2989 284 1178 1999 0.2158 3.2689 1.2602 0.3889
0.0259
276 102 73 0.5829 0.9244 93 16 12 676 1529 66 598 714 0.2321 4.0878 1.4291 0.0000
0.0000
488 131 105 0.5551 0.9678 79 17 28 776 1807 201 888 1522 0.2079 3.4331 1.3248 0.1111
0.0000
623 326 194 0.6269 0.9701 410 69 23 1174 3958 41 1072 2246 0.2172 2.3503 1.1189 0.0000
0.3600
1064 65 71 0.4779 0.9725 0 0 158 433 977 105 402 1041 0.2152 3.6353 1.2864 0.1667
0.0000
714 72 58 0.5538 0.9044 0 0 35 488 1009 122 647 1081 0.2006 3.8158 1.4387 0.0000
0.0000
440 148 116 0.5606 0.9542 77 24 11 925 2239 242 743 1435 0.2339 3.6755 1.3166 0.2667
0.0110
403 131 116 0.5304 0.9582 116 25 20 821 2096 146 745 934 0.2334 3.5063 1.3481 0.2143
0.0000
431 22 12 0.6471 0.9012 0 0 4 174 376 41 156 256 0.2359 4.3140 1.4656 0.0000
0.0000
318 87 97 0.4728 0.9583 92 23 8 660 1571 113 552 572 0.2364 3.7891 1.3542 0.0833
0.0044
346 109 95 0.5343 0.9410 16 4 5 817 1813 209 607 1134 0.2347 4.0261 1.3251 0.0000
0.0000
349 92 97 0.4868 0.9556 89 6 22 748 1721 123 582 747 0.2374 3.9929 1.3660 0.0000
0.0000
578 245 254 0.4910 0.9321 422 46 15 1450 4319 110 1021 1621 0.3922 2.9733 1.2167 0.0000
0.0000
512 36 23 0.6102 0.9333 0 0 22 251 543 42 272 423 0.2249 4.1653 1.5028 0.0000
0.0000
564 68 69 0.4964 0.9611 5 3 70 515 1159 97 452 701 0.2326 3.9957 1.3888 0.0000
0.0000
372 45 49 0.4787 0.9084 10 1 13 367 839 95 337 657 0.2195 3.6457 1.2980 0.0000
0.0000
386 129 115 0.5287 0.9645 92 13 9 891 2170 195 510 793 0.2438 3.7921 1.2673 0.3846
0.0000
841 68 78 0.4658 0.9592 1 1 21 534 1442 112 336 725 0.2657 3.8274 1.4160 0.0714
0.0000
756 247 218 0.5312 0.9675 243 28 57 1433 4238 102 860 1329 0.2570 3.2898 1.3004 0.0000
0.0450
674 56 46 0.5490 0.9640 0 0 244 320 1064 59 162 379 0.2505 2.7604 1.1751 0.2500
0.0510
528 309 195 0.6131 0.8859 489 35 2 1348 4335 117 875 1830 0.2292 2.6750 1.1488 0.0000
0.0000
557 42 25 0.6269 0.9588 0 0 52 184 461 33 209 358 0.2205 3.4381 1.3910 0.0000
0.0000
378 148 139 0.5157 0.9867 37 10 0 1150 2643 326 445 1467 0.2580 4.2228 1.2599 0.0833
0.0047
396 119 154 0.4359 0.9581 133 31 16 860 2257 192 449 806 0.2494 3.5972 1.2576 0.0667
0.0000
283 77 104 0.4254 0.9572 93 12 6 534 1555 38 470 680 0.2335 2.9882 1.2591 0.0000
0.0000
582 117 160 0.4224 0.9768 73 13 55 1068 2364 315 724 1305 0.2353 4.0804 1.3109 0.0667
0.0000
259 70 91 0.4348 0.9647 9 5 0 721 1468 133 683 825 0.2390 4.6773 1.5505 0.0000
0.0000
269 132 66 0.6667 0.9767 106 26 3 752 1666 139 727 944 0.2171 3.7207 1.3156 0.4000
0.1360
256 91 77 0.5417 0.9725 21 5 0 673 1424 175 522 835 0.2299 4.1467 1.3323 0.0000
0.0000
469 111 118 0.4847 0.9561 41 7 40 836 1934 153 734 991 0.2399 4.0207 1.4257 0.0833
0.0000
449 46 53 0.4646 0.9136 2 0 83 293 711 75 225 497 0.2333 3.6574 1.2982 0.0833
0.0000
880 73 77 0.4867 0.9076 0 0 367 397 1000 109 358 877 0.2119 3.1554 1.1993 0.2500
0.0640
229 26 29 0.4727 0.9692 3 1 9 213 510 41 208 268 0.2310 3.7199 1.3933 0.0000
0.0000
273 93 76 0.5503 0.9624 14 7 1 692 1601 213 285 970 0.2499 4.0293 1.2202 0.1333
0.0000
751 146 140 0.5105 0.9745 55 8 103 953 2374 182 633 1481 0.2304 3.4617 1.2136 0.0526
0.0000
833 49 44 0.5269 0.9494 0 0 18 351 811 107 285 630 0.2215 3.6283 1.2588 0.0000
0.0000
551 96 81 0.5424 0.9759 20 1 92 585 1392 150 447 743 0.2374 3.8356 1.3397 0.0769
0.0000
639 53 55 0.4907 0.9507 4 2 20 381 784 103 430 854 0.2060 3.9010 1.3811 0.0714
0.0000
451 134 146 0.4786 0.9461 57 9 6 1107 2438 248 1010 1455 0.2278 3.9948 1.3825 0.0000
0.0000
399 182 106 0.6319 0.9433 201 40 13 668 2117 33 892 1137 0.1979 2.2839 1.1431 0.0000
0.0000
557 214 191 0.5284 0.9709 102 26 5 1330 3588 221 935 2015 0.2410 3.3734 1.2747 0.1579
0.0057
628 220 191 0.5353 0.9457 127 39 11 1483 3734 245 1127 1907 0.2396 3.6371 1.3246 0.0909
0.0057
434 182 107 0.6298 0.9304 137 36 49 915 2193 133 1261 1423 0.2057 3.3041 1.3858 0.4615
0.4460
305 114 96 0.5429 0.9779 20 7 0 814 1935 191 419 1403 0.2543 4.0889 1.3139 0.0769
0.0000
198 68 62 0.5231 0.9446 8 1 1 569 1185 138 376 554 0.2522 4.7431 1.4458 0.0000
0.0000
294 105 97 0.5198 0.9408 91 8 10 805 1958 113 529 534 0.2605 4.1992 1.4415 0.0000
0.0000
413 151 125 0.5471 0.9893 69 17 1 1036 2606 198 801 1419 0.2391 3.5949 1.3136 0.1250
0.0000
238 107 71 0.6011 0.9351 76 19 0 562 1227 73 770 1493 0.1838 3.1494 1.2435 0.1000
0.0219
429 80 73 0.5229 0.9186 22 3 51 413 959 116 424 925 0.1991 3.1887 1.1864 0.1538
0.0000
190 65 52 0.5556 0.9871 57 13 8 387 974 59 458 342 0.2211 3.4047 1.3998 0.1000
0.0000
314 39 38 0.5065 0.9430 4 1 11 330 709 93 351 406 0.2105 3.7947 1.3543 0.0000
0.0000
718 82 79 0.5093 0.9351 13 2 252 540 1287 95 591 1112 0.2149 3.4624 1.3379 0.1250
0.0052
376 116 91 0.5604 0.9643 22 4 3 676 1710 147 663 1606 0.2174 3.2362 1.2622 0.0714
0.0026
389 118 149 0.4419 0.9661 154 9 11 1079 2545 104 953 835 0.2472 4.1247 1.4858 0.0000
0.0087
692 266 251 0.5145 0.9774 290 37 14 1572 4633 92 1082 1350 0.2470 3.1477 1.2715 0.0000
0.7030
445 103 125 0.4518 0.9657 77 20 15 882 2188 155 615 957 0.2450 3.7818 1.3354 0.0000
0.0000
676 286 245 0.5386 0.9662 305 45 25 1774 4582 505 902 2357 0.2390 3.4052 1.1696 0.3684
1.1581
524 109 106 0.5070 0.9645 34 6 57 824 1894 175 643 1251 0.2295 3.7869 1.2955 0.0000
0.0000
563 38 26 0.5938 0.9429 0 0 11 242 526 50 283 512 0.2068 3.7146 1.3798 0.0000
0.0000
609 31 22 0.5849 0.9597 0 0 8 271 642 62 261 396 0.2335 3.8070 1.4095 0.0000
0.0000
333 127 84 0.6019 0.9740 101 17 10 730 1907 199 504 956 0.2413 3.4320 1.2594 0.4167
0.0111
460 52 31 0.6265 0.9358 0 0 62 294 753 90 302 477 0.2231 3.3451 1.3338 0.0000
0.0000
399 158 152 0.5097 0.9557 129 37 2 1001 2619 151 876 1621 0.2238 3.1748 1.2316 0.3846
0.0000
525 34 31 0.5231 0.9520 0 0 126 283 591 65 254 562 0.2088 3.8186 1.2669 0.0000
0.0000
216 19 17 0.5278 0.9663 6 1 9 161 357 34 229 272 0.1853 3.2176 1.3013 0.0000
0.0000
500 171 119 0.5897 0.9672 147 18 29 1006 2729 138 724 599 0.2510 3.5418 1.3508 0.0000
0.0594
319 103 109 0.4858 0.9448 66 15 7 696 1694 128 703 976 0.2209 3.4601 1.3241 0.0000
0.0000
632 201 160 0.5568 0.9750 177 21 40 1274 3252 187 889 1459 0.2404 3.5861 1.2951 0.0000
0.0330
237 56 95 0.3709 0.9494 65 6 2 749 1545 114 573 360 0.2516 4.9373 1.5513 0.0000
0.0000
283 25 47 0.3472 0.9713 8 2 7 311 764 48 288 378 0.2439 3.9220 1.4741 0.0000
0.0000
382 158 101 0.6100 0.9730 137 22 12 955 2332 132 558 913 0.2481 3.8728 1.3022 0.2000
0.0667
248 60 53 0.5310 0.9710 36 7 17 426 1125 113 258 448 0.2446 3.4665 1.2505 0.0000
0.0000
336 134 134 0.5000 0.9647 186 38 14 639 2089 41 701 1217 0.2170 2.4211 1.1746 0.0000
0.0857
279 121 108 0.5284 0.9687 172 27 8 605 1971 35 402 786 0.2378 2.6574 1.1581 0.0000
0.0066
340 130 92 0.5856 0.9878 4 1 0 911 2092 220 582 818 0.2548 4.2748 1.3942 0.0000
0.0000
309 137 95 0.5905 0.9719 155 18 8 826 2244 54 739 708 0.2451 3.4989 1.4040 0.0000
0.0000
469 60 82 0.4225 0.9533 17 3 63 591 1345 92 565 843 0.2415 4.1948 1.5063 0.0000
0.0000
624 273 225 0.5482 0.9675 335 45 16 1833 4284 254 1541 1987 0.2306 3.7977 1.3409 0.2727
0.9680
327 67 88 0.4323 0.9544 29 12 11 585 1483 119 348 582 0.2487 3.7305 1.2974 0.0000
0.0000
417 127 152 0.4552 0.9533 118 16 8 977 2327 177 789 1244 0.2277 3.6475 1.2926 0.1538
0.0000
462 245 174 0.5847 0.8825 392 30 5 1287 3384 76 1704 1934 3.1925 3.0727 1.3497 0.0000
0.0406
345 71 76 0.4830 0.9190 54 5 42 545 1382 59 610 603 0.2327 3.5178 1.4286 0.0000
0.0000
557 85 141 0.3761 0.9623 71 3 38 1017 2454 83 571 418 0.2721 4.4634 1.4751 0.0667
0.0000
589 56 73 0.4341 0.9620 11 2 186 458 1065 100 415 693 0.2269 3.7484 1.3459 0.1429
0.0000
355 123 127 0.4920 0.9083 61 17 1 970 2155 165 767 1145 0.2382 4.1394 1.3855 0.1429
0.0000
807 324 292 0.5260 0.8827 222 61 3 1911 3923 321 2795 5714 0.1738 3.1933 1.2473 0.2963
1.3164
248 52 47 0.5253 0.9674 29 1 19 405 941 33 278 315 0.2484 4.1373 1.3837 0.0000
0.0000
240 52 34 0.6047 0.9714 16 2 16 319 817 47 247 307 0.2437 3.6635 1.3577 0.0000
0.0000
399 167 117 0.5880 0.9612 76 16 1 952 2452 218 471 1715 0.2353 3.3434 1.1406 0.1875
0.0171
563 135 131 0.5075 0.8610 85 20 7 1051 2456 240 922 1614 0.2297 3.7826 1.3508 0.0000
0.0071
412 139 116 0.5451 0.9618 140 16 51 824 2145 180 619 910 0.2384 3.4888 1.3003 0.2727
0.4522
476 174 143 0.5489 0.9719 189 25 36 804 2729 68 573 836 0.2378 2.5644 1.1702 0.0000
0.0000
461 37 38 0.4933 0.9353 1 1 84 212 562 48 195 489 0.2172 3.0334 1.2035 0.0909
0.0000
408 29 45 0.3919 0.9563 0 0 86 217 564 49 258 360 0.2058 2.9741 1.2518 0.0000
0.0000
472 163 143 0.5327 0.9568 43 14 5 1093 2590 297 625 1611 0.2419 3.8401 1.2550 0.0526
0.0000
388 137 101 0.5756 0.9569 76 14 11 840 1907 174 737 1182 0.2202 3.6890 1.2902 0.0833
0.0000
318 80 85 0.4848 0.9311 59 9 12 656 1487 88 611 564 0.2361 4.1325 1.4685 0.1000
0.0000
504 69 68 0.5036 0.8708 18 4 10 548 1257 128 475 748 0.2257 3.7449 1.3151 0.0000
0.0000
267 45 65 0.4091 0.9653 47 6 17 581 1130 99 493 290 0.2397 4.8839 1.5159 0.0000
0.0000
569 216 146 0.5967 0.9542 83 20 22 1253 2998 347 711 3116 0.2257 3.4581 1.1374 0.3000
0.5176
376 54 55 0.4954 0.9227 5 3 50 389 962 85 237 479 0.2514 3.8814 1.3293 0.0000
0.0000
366 93 114 0.4493 0.9614 86 16 20 714 1766 97 757 746 0.2270 3.5451 1.3919 0.1538
0.0000
288 66 77 0.4615 0.9637 3 1 2 586 1198 140 420 813 0.2405 4.5901 1.4082 0.0000
0.0000
391 158 121 0.5663 0.9700 138 27 7 926 2424 139 902 906 0.2293 3.3573 1.3399 0.1538
0.0662
216 61 39 0.6100 0.9407 62 11 6 389 938 30 464 553 0.2102 3.3216 1.3302 0.0000
0.0000
356 103 109 0.4858 0.9545 115 11 19 776 1969 94 493 657 0.2538 3.8486 1.3567 0.0000
0.0050
347 124 108 0.5345 0.9495 45 22 3 813 1858 173 627 1469 0.2168 3.5371 1.2013 0.2308
0.0057
656 311 205 0.6027 0.9588 231 61 1 1521 3971 380 1390 3640 0.2050 2.8622 1.1209 0.6000
1.3158
639 92 111 0.4532 0.9542 28 7 71 765 1656 185 786 1298 0.2139 3.8088 1.3509 0.0000
0.0000
404 148 112 0.5692 0.9403 15 9 0 1102 2413 225 798 1407 0.2531 4.6066 1.4914 0.1333
0.0023
307 42 54 0.4375 0.9665 11 6 31 338 734 69 381 681 0.2063 3.6214 1.3274 0.0000
0.0000
338 20 22 0.4762 0.9577 0 0 16 231 435 56 182 413 0.2348 4.9936 1.4820 0.0000
0.0000
390 143 97 0.5958 0.9523 137 20 15 819 2101 116 748 636 0.2309 3.4780 1.3443 0.3077
0.0083
537 119 99 0.5459 0.9752 78 15 48 726 1795 151 643 1072 0.2231 3.3756 1.2595 0.1875
0.0311
360 99 109 0.4760 0.9616 103 5 18 838 2097 75 534 512 0.2645 4.1478 1.4469 0.0000
0.0000
430 108 98 0.5243 0.9419 55 14 32 696 1837 149 511 880 0.2421 3.5231 1.3206 0.0909
0.0000
633 34 54 0.3864 0.9643 0 0 203 334 821 91 234 545 0.2313 3.5448 1.2441 0.1667
0.0000
488 196 150 0.5665 0.9514 197 33 28 1008 2722 114 1018 1360 0.2254 3.0889 1.2734 0.0000
0.0000
514 165 146 0.5305 0.9534 159 11 26 1120 3018 149 661 839 0.2601 3.7205 1.3579 0.0000
0.0110
416 53 44 0.5464 0.9207 2 1 82 326 747 78 374 606 0.2147 3.6706 1.4024 0.0000
0.0000
434 67 94 0.4161 0.9614 16 2 18 608 1432 127 543 790 0.2345 3.8212 1.3792 0.0000
0.0000
412 187 117 0.6151 0.9801 200 28 25 945 2709 126 657 983 0.2432 3.1715 1.2552 0.0000
0.0200
501 135 132 0.5056 0.9639 88 24 18 886 2215 183 806 1629 0.2260 3.4297 1.2994 0.1333
0.0031
454 73 59 0.5530 0.9478 34 3 29 559 1325 81 404 483 0.2424 3.9091 1.3434 0.0000
0.0000
332 101 89 0.5316 0.9179 35 11 7 673 1526 171 610 971 0.2190 3.6598 1.2906 0.0000
0.0000
476 45 28 0.6164 0.9550 0 0 23 228 471 43 277 556 0.2040 3.8717 1.4113 0.0000
0.0000
399 140 114 0.5512 0.9467 67 21 16 767 1919 197 692 1512 0.2144 3.2077 1.2133 0.1667
0.0033
569 193 183 0.5133 0.9641 163 36 5 1318 3313 255 1063 1697 0.2342 3.5427 1.3069 0.1500
0.0175
322 118 127 0.4816 0.9160 94 24 2 819 1952 132 781 1515 0.2135 3.3905 1.2571 0.1429
0.0000
496 151 158 0.4887 0.9570 86 22 14 1202 2773 277 1004 1191 0.2404 4.0311 1.4074 0.0625
0.0000
548 28 37 0.4308 0.9348 0 0 98 286 636 38 358 513 0.2229 4.0792 1.5753 0.1000
0.0000
361 126 103 0.5502 0.9668 28 8 4 806 1842 185 496 1284 0.2332 3.8026 1.2256 0.1667
0.0000
356 99 101 0.4950 0.9597 75 16 17 688 1707 94 587 587 0.2400 3.7249 1.3800 0.0833
0.0000
435 106 139 0.4327 0.9566 128 16 40 983 2472 132 670 618 0.2561 3.9384 1.3987 0.0000
0.0000
365 108 94 0.5347 0.9538 23 8 6 702 1725 140 432 1028 0.2320 3.5270 1.2041 0.0000
0.0000
212 66 87 0.4314 0.9447 87 10 3 422 1309 22 353 570 0.2944 2.8147 1.2317 0.0000
0.0000
609 53 53 0.5000 0.9147 0 0 216 240 700 34 283 548 0.2085 2.6689 1.2146 0.1538
0.0000
282 73 113 0.3925 0.9456 91 8 12 678 1554 106 739 694 0.2229 3.8241 1.4370 0.2000
0.0000
149 75 57 0.5682 0.9063 122 9 0 450 1167 20 422 525 0.2539 3.3462 1.3129 0.0000
0.0000
354 139 111 0.5560 0.9611 184 27 6 655 1975 27 676 1051 0.2876 2.5935 1.1663 0.0000
0.0000
1022 71 92 0.4356 0.9755 0 0 478 434 1133 89 486 1251 0.2103 3.0295 1.2557 0.3889
0.6744
231 47 71 0.3983 0.9608 12 4 1 518 1043 126 404 640 0.2358 4.5453 1.4108 0.0000
0.0000
373 114 118 0.4914 0.9576 142 16 21 757 2234 57 440 428 0.2579 3.3191 1.3027 0.0000
0.0110
360 100 115 0.4651 0.9649 35 16 3 798 1980 122 583 1011 0.2451 3.7419 1.3354 0.0000
0.0000
191 36 42 0.4615 0.9014 8 0 4 319 764 76 247 337 0.2451 3.9986 1.4081 0.0000
0.0000
346 93 103 0.4745 0.9469 69 10 6 800 1960 147 402 569 0.2654 4.1467 1.3603 0.0909
0.0000
280 92 101 0.4767 0.9563 95 8 10 823 1820 101 706 619 0.2456 4.4309 1.5111 0.0000
0.0000
601 59 51 0.5364 0.9429 0 0 83 339 873 64 334 538 0.2249 3.3235 1.3148 0.0000
0.0000
264 91 100 0.4764 0.8519 102 17 9 582 1583 34 596 576 0.2327 3.3103 1.3771 0.0000
0.0000
297 100 92 0.5208 0.9262 72 13 4 667 1395 172 657 1449 0.1952 3.4693 1.1859 0.2500
0.0000
750 363 245 0.5970 0.9525 382 63 29 1798 4830 434 1434 2583 0.2242 3.0860 1.1946 0.8095
1.1088
313 121 136 0.4708 0.9293 202 19 8 725 2231 33 629 778 0.3282 2.7936 1.2245 0.0000
0.0000
556 75 89 0.4573 0.9538 19 3 50 699 1585 134 605 878 0.2429 4.2146 1.4672 0.0000
0.0000
429 166 143 0.5372 0.9739 88 17 1 1082 2644 192 780 1057 0.2443 3.8118 1.3403 0.0000
0.0000
640 134 111 0.5469 0.9697 58 9 61 814 2070 187 529 727 0.2465 3.6969 1.3115 0.2667
0.0000
359 62 61 0.5041 0.9520 32 8 21 481 1172 142 344 718 0.2298 3.5600 1.2467 0.0000
0.0000
294 38 54 0.4130 0.9517 11 2 64 324 707 48 455 408 0.2105 3.8352 1.5283 0.1000
0.0000
637 115 97 0.5425 0.9499 21 7 132 690 1858 113 471 693 0.2567 3.6380 1.3644 0.1538
0.0000
1178 68 63 0.5191 0.9143 0 0 84 485 1086 93 420 895 0.2281 3.9183 1.3519 0.0526
0.0000
523 168 129 0.5657 0.9394 55 9 19 1154 2499 264 1034 1741 0.2221 3.9495 1.3435 0.0625
0.0982
279 101 98 0.5075 0.9726 107 8 8 802 1895 117 498 503 0.2556 4.1916 1.3897 0.0000
0.0000
359 59 48 0.5514 0.9695 4 1 45 382 863 77 502 586 0.2094 3.5937 1.4268 0.0000
0.0000
443 176 137 0.5623 0.9712 103 30 3 1106 2572 225 1034 1669 0.2131 3.4379 1.2455 0.4375
0.0184
388 203 132 0.6060 0.9107 278 14 4 1199 2905 131 1155 1223 0.6761 3.7369 1.4060 0.0000
0.0000
459 107 130 0.4515 0.9760 65 7 19 916 2003 183 735 897 0.2391 4.2930 1.4258 0.0000
0.0000
485 41 35 0.5395 0.9516 0 0 76 320 680 72 356 582 0.2153 3.9470 1.4198 0.0000
0.0000
320 107 93 0.5350 0.9420 43 7 1 788 1707 184 716 1065 0.2234 3.9657 1.3549 0.0909
0.0000
360 164 139 0.5413 0.9680 152 40 1 878 2435 171 809 1257 0.2219 2.9692 1.2189 0.4545
0.0104
372 138 121 0.5328 0.9578 25 6 1 1042 2200 246 816 1587 0.2330 4.2789 1.3761 0.0000
0.0025
335 59 51 0.5364 0.9447 22 7 17 473 1029 107 449 704 0.2146 3.7441 1.2999 0.0000
0.0000
279 103 135 0.4328 0.9290 201 10 3 826 2183 62 608 520 1.0135 3.5632 1.3378 0.0000
0.0000
351 97 100 0.4924 0.9773 73 15 18 692 1702 148 559 959 0.2322 3.5958 1.3054 0.1818
0.0000
160 54 65 0.4538 0.8467 99 1 4 622 1292 45 568 285 6.9091 5.0372 1.6737 0.0000
0.0000
558 40 28 0.5882 0.8889 0 0 9 326 671 89 281 622 0.2133 3.9792 1.2911 0.0000
0.0000
457 171 139 0.5516 0.9724 72 18 6 1223 2662 236 1081 1679 0.2305 4.0802 1.3875 0.1667
0.0240
661 68 71 0.4892 0.9617 0 0 300 328 879 77 309 861 0.2068 2.8321 1.1398 0.5000
1.0256
774 324 256 0.5586 0.9673 178 58 5 1914 4692 472 1343 3574 0.2169 3.2611 1.1425 0.1739
1.0873
231 59 72 0.4504 0.9493 25 7 2 514 1199 115 368 673 0.2322 3.7437 1.2681 0.0000
0.0000
336 95 82 0.5367 0.9596 78 7 20 651 1682 103 351 636 0.2441 3.5777 1.2414 0.0000
0.0000
403 94 78 0.5465 0.9418 11 4 27 702 1688 116 507 767 0.2476 3.9496 1.3722 0.0000
0.0000
664 123 122 0.5020 0.9765 40 12 7 957 2313 262 501 1542 0.2487 3.8566 1.2600 0.0588
0.0000
638 240 236 0.5042 0.9780 143 34 1 1704 4063 448 1255 2773 0.2303 3.6616 1.2697 0.1429
0.0000
358 197 116 0.6294 0.9454 263 34 7 852 2787 40 477 940 0.8884 2.7880 1.1868 0.0000
0.0054
361 143 125 0.5336 0.9821 26 9 0 1094 2407 260 554 1482 0.2507 4.3470 1.3073 0.0000
0.0000
310 152 139 0.5223 0.9482 278 19 5 774 2502 41 582 657 0.3510 2.6618 1.1784 0.0000
0.0000
491 45 43 0.5114 0.9819 3 0 72 349 794 76 209 464 0.2378 3.9262 1.2538 0.0000
0.0000
1050 94 90 0.5109 0.9691 0 0 184 455 1305 63 491 779 0.2175 2.8510 1.2504 0.0625
0.0174
321 111 124 0.4723 0.9791 56 14 0 931 2090 187 748 929 0.2439 4.2176 1.4285 0.0000
0.0000
440 197 196 0.5013 0.8793 367 17 6 1460 3525 76 1298 1553 0.4546 3.7390 1.3724 0.0000
0.0000
338 107 99 0.5194 0.9662 75 20 11 744 1748 216 446 1000 0.2301 3.6208 1.1864 0.1667
0.0000
302 110 102 0.5189 0.9793 31 7 1 787 2043 142 292 812 0.2680 3.9198 1.2922 0.0769
0.0000
398 117 128 0.4776 0.9743 128 15 12 995 2341 144 712 736 0.2467 4.1147 1.4028 0.0000
0.0000
216 63 85 0.4257 0.9766 10 3 0 661 1398 154 369 800 0.2556 4.6830 1.3910 0.0000
0.0000
573 229 172 0.5711 0.9426 187 49 15 1280 3075 346 1104 2416 0.2141 3.3043 1.1987 0.1579
0.4112
620 100 94 0.5155 0.9612 32 5 55 715 1705 163 579 975 0.2300 3.6842 1.3076 0.0000
0.0000
179 9 25 0.2647 0.9375 0 0 23 135 312 29 87 204 0.2332 3.8449 1.2627 0.0000
0.0000
409 25 12 0.6757 0.9304 0 0 12 217 543 32 198 278 0.2425 3.8194 1.4492 0.0000
0.0000
336 139 102 0.5768 0.9575 158 28 12 659 2037 59 583 718 0.2266 2.6886 1.1877 0.0000
0.0087
494 185 160 0.5362 0.9410 117 15 0 1340 3043 223 1371 1404 0.2309 3.9619 1.4501 0.0000
0.0030
509 37 47 0.4405 0.9855 0 0 44 396 800 114 319 672 0.2305 4.4793 1.4064 0.0000
0.0000
521 170 161 0.5136 0.9403 158 28 35 979 2641 112 1046 1256 0.2274 3.2326 1.3527 0.1333
0.0066
301 88 92 0.4889 0.9432 32 9 4 697 1665 90 578 656 0.2542 4.1783 1.4940 0.0000
0.0000
517 177 135 0.5673 0.9531 124 33 30 1009 2416 188 1088 1534 0.2123 3.3855 1.3063 0.1176
0.0265
149 34 38 0.4722 0.9603 18 5 3 304 653 71 260 432 0.2250 4.1267 1.3771 0.0000
0.0000
281 117 72 0.6190 0.9729 50 16 1 623 1677 156 475 988 0.2276 3.1202 1.1976 0.0000
0.0057
310 101 85 0.5430 0.9699 78 24 12 693 1366 140 1068 1265 0.1834 3.6417 1.4212 0.2500
0.0000
282 48 65 0.4248 0.8701 15 6 2 470 983 92 537 789 0.2124 3.9793 1.4299 0.1000
0.0000
323 127 116 0.5226 0.9570 179 30 7 730 1990 51 829 1003 0.2158 2.9462 1.2641 0.0000
0.0000
513 200 166 0.5464 0.9587 232 21 25 1384 3417 119 966 1135 0.2505 3.9927 1.4050 0.0000
0.0200
379 86 87 0.4971 0.8865 35 6 18 685 1554 130 662 948 0.2281 3.8871 1.3972 0.0000
0.0000
583 44 49 0.4731 0.9759 0 0 237 267 539 86 307 814 0.1847 3.4460 1.2132 0.1818
0.0000
325 104 105 0.4976 0.9653 13 6 1 830 1872 234 523 1173 0.2412 4.0879 1.3107 0.0000
0.0000
453 173 153 0.5307 0.9620 113 31 2 1154 2718 226 1151 2074 0.2192 3.5447 1.3205 0.3529
0.0833
359 40 52 0.4348 0.9298 2 1 4 562 944 143 461 711 0.2331 5.5766 1.5491 0.0000
0.0000
442 197 140 0.5846 0.9741 216 29 11 1068 2809 132 840 2045 0.2271 3.2400 1.2300 0.0000
1.0847
346 119 121 0.4958 0.9403 131 29 2 805 1799 100 1132 1294 0.1991 3.4424 1.3926 0.3077
0.3973
367 99 102 0.4925 0.9601 90 13 19 815 1894 92 699 474 0.2462 4.2753 1.5114 0.0000
0.0000
390 178 137 0.5651 0.9111 215 41 5 754 2461 39 817 1416 0.2192 2.4857 1.2007 0.0000
0.0000
397 120 95 0.5581 0.9316 78 20 21 658 1684 91 858 1703 0.2063 3.0748 1.3198 0.1538
0.0000
605 36 35 0.5070 0.9043 0 0 95 265 661 78 257 617 0.2235 3.4366 1.3228 0.0000
0.0000
421 176 150 0.5399 0.9297 74 16 0 1175 2827 294 864 1844 0.2369 3.7284 1.3013 0.2000
0.0056
266 10 15 0.4000 0.9167 0 0 13 112 250 22 109 179 0.2420 4.3200 1.5386 0.0000
0.0000
286 93 69 0.5741 0.9320 38 8 10 592 1454 107 545 882 0.2349 3.6610 1.3736 0.0000
0.0000
407 193 143 0.5744 0.9007 261 50 5 711 2460 37 803 2316 0.2033 2.1609 1.1019 0.0000
0.8689
317 79 92 0.4620 0.9767 47 10 8 674 1514 110 568 659 0.2461 4.2509 1.4590 0.0000
0.0000
544 155 141 0.5236 0.9449 140 15 32 1223 2795 163 1031 1085 0.2422 4.1630 1.4470 0.0000
0.0050
350 105 81 0.5645 0.9326 16 6 5 746 1671 143 606 848 0.2345 4.0300 1.3667 0.0714
0.0000
272 97 77 0.5575 0.9306 83 15 8 594 1576 99 538 626 0.2423 3.5887 1.4191 0.1000
0.0000
430 195 126 0.6075 0.9606 250 57 34 598 2346 23 617 1736 0.2003 1.8156 0.9996 0.0000
0.7366
428 198 160 0.5531 0.9580 242 42 4 1139 2990 154 1121 1107 0.2275 3.3018 1.3241 0.3750
0.3146
292 164 102 0.6165 0.8851 244 24 3 575 2317 26 253 920 0.2287 2.1022 1.0440 0.0000
0.0000
445 192 121 0.6134 0.9880 192 30 13 984 2726 175 739 1140 0.2348 3.1829 1.2454 0.3333
0.0861
328 39 39 0.5000 0.9524 2 0 7 465 874 135 252 527 0.2515 5.2752 1.4193 0.0000
0.0000
239 72 64 0.5294 0.9577 25 10 5 475 1208 107 354 700 0.2378 3.5340 1.2913 0.0000
0.0000
411 38 36 0.5135 0.9649 1 0 80 213 530 37 254 462 0.1943 2.9060 1.1885 0.0000
0.0000
262 81 90 0.4737 0.9519 33 4 2 685 1567 187 352 696 0.2506 4.1580 1.2943 0.0000
0.0000
361 92 108 0.4600 0.9249 79 9 9 961 1806 210 852 794 0.2279 4.7970 1.4742 0.0000
0.0000
277 62 94 0.3974 0.9515 66 7 7 654 1463 85 611 614 0.2379 4.2396 1.4939 0.0000
0.0000
506 211 146 0.5910 0.9592 61 28 8 1191 2894 267 1034 1969 0.2234 3.4667 1.2704 0.1176
0.0027
565 307 210 0.5938 0.8437 525 41 4 1447 4587 106 1297 1850 0.2522 2.7120 1.2253 0.0000
0.0000
660 239 157 0.6035 0.9500 54 12 13 1578 3635 407 719 2201 0.2522 4.1297 1.2661 0.1429
0.0117
291 68 69 0.4964 0.9534 54 7 13 637 1417 78 468 403 0.2577 4.6522 1.5296 0.0000
0.0000
552 36 33 0.5217 0.9484 0 0 33 282 583 73 324 515 0.2073 3.9308 1.4047 0.0000
0.0000
204 31 38 0.4493 0.8571 2 0 3 295 525 65 311 437 0.2082 4.6633 1.4684 0.0000
0.0000
618 48 45 0.5161 0.8621 0 0 330 249 616 73 252 804 0.1959 2.9294 1.1346 0.2500
0.0103
538 264 232 0.5323 0.8619 448 28 4 1867 4562 120 1566 1665 0.4951 3.8857 1.4171 0.0000
0.0000
427 189 156 0.5478 0.9548 262 45 5 808 2743 33 670 1384 0.2914 2.3913 1.1223 0.0000
0.0000
472 34 26 0.5667 0.9846 0 0 17 286 556 96 141 454 0.2331 4.5105 1.2214 0.0000
0.0000
336 46 54 0.4600 0.9434 23 7 25 387 875 47 450 349 0.2195 3.7845 1.4397 0.0000
0.0198
613 42 54 0.4375 0.9419 0 0 16 425 930 91 289 542 0.2497 4.4546 1.4196 0.0000
0.0000
403 229 166 0.5797 0.8727 394 36 0 896 3440 65 496 1041 0.2320 2.2763 1.1110 0.0000
0.0257
541 218 185 0.5409 0.9458 226 16 11 1726 3917 192 1431 1350 0.2480 4.3578 1.5003 0.0000
0.0500
286 18 15 0.5455 0.9036 0 0 9 236 455 52 157 259 0.2539 5.2315 1.5074 0.0000
0.0000
413 191 204 0.4835 0.8774 377 26 2 1154 3598 79 411 1571 0.2490 2.9705 1.1466 0.0000
0.0000
452 126 123 0.5060 0.9471 35 12 8 944 2240 211 698 1266 0.2363 3.7923 1.3114 0.0667
0.0000
283 68 57 0.5440 0.9643 29 5 18 457 1071 100 384 638 0.2250 3.6625 1.2956 0.0000
0.0000
835 63 61 0.5081 0.9261 1 1 267 420 1051 80 432 785 0.2292 3.5694 1.4004 0.1333
0.0000
347 77 99 0.4375 0.9000 66 15 8 686 1656 74 714 574 0.2417 3.9501 1.5163 0.0000
0.0000
394 119 113 0.5129 0.9436 73 10 6 913 1991 204 770 1137 0.2306 4.0745 1.3691 0.0000
0.0000
1070 143 122 0.5396 0.9774 20 5 227 632 1757 150 778 1610 0.1917 2.5231 1.1245 0.3810
1.1145
385 59 30 0.6629 0.9467 22 5 46 331 832 76 283 403 0.2210 3.2629 1.2212 0.0000
0.0000
274 102 99 0.5075 0.9467 142 12 5 606 1719 24 565 600 0.2385 3.0756 1.2880 0.0000
0.0000
468 32 54 0.3721 0.9442 1 0 144 380 764 89 343 584 0.2277 4.4512 1.4408 0.1667
0.0000
619 45 58 0.4369 0.8090 0 0 192 280 537 49 544 660 0.1722 3.6451 1.5636 0.0909
0.0000
482 109 94 0.5369 0.9408 42 11 43 682 1527 160 748 1305 0.2030 3.4789 1.2894 0.1429
0.0000
424 132 116 0.5323 0.9562 10 2 0 1031 2217 309 711 1480 0.2340 4.1866 1.3211 0.0667
0.0000
513 249 205 0.5485 0.9526 388 50 11 1167 3621 66 1212 1651 0.2889 2.6284 1.2095 0.0000
0.0000
338 121 109 0.5261 0.9414 69 13 0 842 1863 236 796 1452 0.2147 3.6936 1.2960 0.0000
0.0000
257 86 89 0.4914 0.9878 75 19 2 686 1479 151 608 692 0.2250 4.0117 1.3561 0.2500
0.0000
357 139 90 0.6070 0.9489 154 27 34 580 1892 54 498 965 0.2249 2.4712 1.1315 0.0000
0.0000
506 188 181 0.5095 0.9817 138 30 0 1281 3227 261 804 1647 0.2453 3.6869 1.2891 0.1111
0.0000
405 32 41 0.4384 0.9011 3 1 5 377 775 97 364 645 0.2350 4.6395 1.5574 0.0000
0.0000
430 142 157 0.4749 0.9321 47 11 0 1324 2493 252 1375 1955 0.2266 4.8341 1.5692 0.0000
0.0000
341 117 116 0.5021 0.9483 72 11 6 898 2066 183 713 1373 0.2314 3.8334 1.3181 0.1667
0.0000
533 39 29 0.5735 0.8696 0 0 119 244 490 37 272 557 0.2042 3.9687 1.3771 0.0833
0.0000
225 117 57 0.6724 0.9608 121 28 11 324 1138 10 421 989 0.2005 2.0302 1.0854 0.0000
0.2397
651 164 156 0.5125 0.9769 114 24 57 965 2582 209 724 1411 0.2315 3.2358 1.2317 0.1765
0.0935
427 44 62 0.4151 0.9078 7 1 61 335 816 40 389 484 0.2195 3.5582 1.4221 0.0909
0.0000
678 48 59 0.4486 0.9322 0 0 71 429 963 107 366 758 0.2277 3.9654 1.3649 0.0000
0.0000
617 50 52 0.4902 0.9643 0 0 256 238 608 65 247 628 0.2102 3.0879 1.2326 0.2727
0.0000
602 75 82 0.4777 0.9453 11 3 110 469 1130 105 527 834 0.2120 3.3858 1.3291 0.0000
0.0000
329 100 111 0.4739 0.9602 67 9 3 672 1679 143 550 667 0.2315 3.4987 1.2894 0.1000
0.0000
226 68 60 0.5313 0.9536 2 2 2 550 1046 99 467 694 0.2405 5.0891 1.5555 0.0000
0.0000
360 106 95 0.5274 0.9538 97 17 13 741 1684 98 642 872 0.2239 3.7871 1.3208 0.2500
0.0050
691 300 244 0.5515 0.9664 290 49 15 1796 4291 338 1775 2334 0.2211 3.5416 1.3291 0.3478
1.0135
472 33 39 0.4583 0.9504 0 0 51 397 754 105 270 553 0.2435 5.1385 1.4727 0.0000
0.0000
94 33 49 0.4024 0.9251 73 3 2 293 805 15 188 145 20.1250 3.7422 1.4092 0.0000
0.0000
251 69 53 0.5656 0.9679 15 3 0 530 1133 147 366 536 0.2395 4.3089 1.3541 0.0000
0.0000
906 511 316 0.6179 0.9347 749 76 17 2147 7092 138 1217 2803 0.2359 2.6273 1.1298 0.0000
1.0132
333 55 95 0.3667 0.8612 20 5 25 582 1207 99 565 857 0.2305 4.4029 1.4895 0.1000
0.0000
533 186 191 0.4934 0.9661 186 24 22 1295 3580 119 914 720 0.2642 3.7280 1.4375 0.0000
0.0050
293 69 67 0.5074 0.9449 29 7 3 461 1147 88 495 669 0.2271 3.5241 1.3947 0.1000
0.0000
304 111 109 0.5045 0.9419 79 20 1 769 1978 149 526 705 0.2537 3.7431 1.3542 0.0000
0.0000
224 43 42 0.5059 0.9632 23 3 6 374 767 35 468 383 0.2207 4.2824 1.5712 0.0000
0.0000
